    0.000000    0.000000
    0.000000    0.000000
    0.000000    0.000000
    0.000000    0.000000
    0.000000    0.000000
    0.000000    0.000000
    0.000000    0.000000
    0.000000    0.000000
    0.000000    0.000000
    0.000000    0.000000
    0.000000    0.000000
    0.000000    0.000000
    0.000000    0.000000
    0.000000    0.000000
    0.000000    0.000000
    0.000000    0.000000
    0.000000    0.000000
    0.000000    0.000000
    0.000000    0.000000
    0.000000    0.000000
   -0.000000   -0.000000
   -0.000000   -0.000000
   -0.000000   -0.000000
   -0.000000   -0.000000
   -0.000000   -0.000000
   -0.000000   -0.000000
   -0.000000   -0.000000
    0.000000   -0.000000
    0.000000   -0.000000
    0.000000   -0.000000
    0.000000    0.000000
    0.000000    0.000000
    0.000000    0.000000
    0.000000    0.000000
    0.000000    0.000000
    0.000000    0.000000
    0.000000    0.000000
    0.000000    0.000000
    0.000000    0.000000
    0.000000    0.000000
    0.000000    0.000000
    0.000000    0.000000
    0.000000    0.000000
    0.000000    0.000000
    0.000000    0.000000
    0.000000    0.000000
    0.000000    0.000000
    0.000000    0.000000
    0.000000    0.000000
    0.000000    0.000000
    0.000000    0.000000
    0.000000    0.000000
    0.000000    0.000000
    0.000000    0.000000
    0.000000    0.000000
    0.000000    0.000000
    0.000000    0.000000
    0.000000    0.000000
    0.000000    0.000000
    0.000000    0.000000
    0.000000    0.000000
    0.000000    0.000000
    0.000000    0.000000
    0.000000    0.000000
    0.000000    0.000000
    0.000000    0.000000
    0.000000    0.000000
    0.000000    0.000000
    0.000000    0.000000
    0.000000    0.000000
    0.000000    0.000000
    0.000000    0.000000
    0.000000    0.000000
    0.000000    0.000000
    0.000000    0.000000
    0.000000    0.000000
    0.000000    0.000000
    0.000000    0.000000
    0.000000    0.000000
    0.000000    0.000000
    0.000000    0.000000
    0.000000    0.000000
    0.000000    0.000000
    0.000000   -0.000000
    0.000000   -0.000000
    0.000000   -0.000000
    0.000000   -0.000000
    0.000000   -0.000000
    0.000000   -0.000000
    0.000000   -0.000000
    0.000000   -0.000000
   -0.000000   -0.000000
   -0.000000   -0.000000
   -0.000000   -0.000000
   -0.000000   -0.000000
   -0.000000   -0.000000
   -0.000000   -0.000000
   -0.000000    0.000000
   -0.000000    0.000000
   -0.000000    0.000000
   -0.000000    0.000000
   -0.000000    0.000000
    0.000000    0.000000
    0.000000    0.000000
    0.000000    0.000000
    0.000000    0.000000
    0.000000    0.000000
    0.000000    0.000000
    0.000000    0.000000
    0.000000    0.000000
    0.000000    0.000000
    0.000000    0.000000
    0.000000    0.000000
    0.000000    0.000000
    0.000000    0.000000
    0.000000    0.000000
    0.000000    0.000000
    0.000000    0.000000
    0.000000    0.000000
    0.000000   -0.000000
    0.000000   -0.000000
    0.000000   -0.000000
    0.000000   -0.000000
    0.000000   -0.000000
    0.000000   -0.000000
    0.000000   -0.000000
   -0.000000   -0.000000
   -0.000000   -0.000000
   -0.000000   -0.000000
   -0.000000   -0.000000
   -0.000000    0.000000
   -0.000000    0.000000
   -0.000000    0.000000
   -0.000000    0.000000
   -0.000000    0.000000
   -0.000000    0.000000
   -0.000000    0.000000
   -0.000000    0.000000
    0.000000    0.000000
    0.000000    0.000000
    0.000000    0.000000
    0.000000   -0.000000
    0.000000   -0.000000
    0.000000   -0.000000
    0.000000   -0.000000
    0.000000   -0.000000
    0.000000   -0.000000
    0.000000   -0.000000
    0.000000   -0.000000
    0.000000   -0.000000
    0.000000   -0.000000
    0.000000   -0.000000
    0.000000   -0.000000
    0.000000   -0.000000
    0.000000    0.000000
    0.000000    0.000000
    0.000000    0.000000
    0.000000    0.000000
    0.000000    0.000000
    0.000000    0.000000
    0.000000    0.000000
    0.000000    0.000000
    0.000000    0.000000
    0.000000    0.000000
    0.000000    0.000000
   -0.000000    0.000000
   -0.000000    0.000000
   -0.000000   -0.000000
   -0.000000   -0.000000
   -0.000000   -0.000000
   -0.000000   -0.000000
   -0.000000   -0.000000
   -0.000000   -0.000000
   -0.000000   -0.000000
   -0.000000   -0.000000
   -0.000000   -0.000000
    0.000000   -0.000000
    0.000000   -0.000000
    0.000000   -0.000000
    0.000000   -0.000000
    0.000000   -0.000000
    0.000000   -0.000000
    0.000000    0.000000
    0.000000    0.000000
    0.000000    0.000000
    0.000000    0.000000
    0.000000    0.000000
    0.000000    0.000000
    0.000000    0.000000
    0.000000    0.000000
    0.000000    0.000000
    0.000000    0.000000
    0.000000    0.000000
    0.000000    0.000000
    0.000000    0.000000
    0.000000    0.000000
    0.000000    0.000000
    0.000000   -0.000000
    0.000000   -0.000000
    0.000000   -0.000000
    0.000000   -0.000000
    0.000000   -0.000000
    0.000000   -0.000000
    0.000000   -0.000000
    0.000000   -0.000000
    0.000000   -0.000000
    0.000000   -0.000000
    0.000000   -0.000000
    0.000000   -0.000000
    0.000000   -0.000000
    0.000000   -0.000000
    0.000000   -0.000000
    0.000000   -0.000000
   -0.000000   -0.000000
   -0.000000   -0.000000
   -0.000000    0.000000
   -0.000000    0.000000
   -0.000000    0.000000
   -0.000000    0.000000
   -0.000000    0.000000
   -0.000000    0.000000
   -0.000000    0.000000
   -0.000000    0.000000
   -0.000000    0.000000
   -0.000000    0.000000
   -0.000000    0.000000
   -0.000000    0.000000
   -0.000000    0.000000
   -0.000000    0.000000
   -0.000000    0.000000
    0.000000    0.000000
    0.000000    0.000000
    0.000000    0.000000
    0.000000    0.000000
    0.000000    0.000000
    0.000000    0.000000
    0.000000   -0.000000
    0.000000   -0.000000
    0.000000   -0.000000
    0.000000   -0.000000
    0.000000   -0.000000
    0.000000   -0.000000
    0.000000   -0.000000
    0.000000   -0.000000
    0.000000   -0.000000
    0.000000   -0.000000
    0.000000   -0.000000
    0.000000   -0.000000
    0.000000   -0.000000
    0.000000   -0.000000
    0.000000   -0.000000
    0.000000   -0.000000
   -0.000000   -0.000000
   -0.000000   -0.000000
   -0.000000   -0.000000
   -0.000000   -0.000000
   -0.000000    0.000000
   -0.000000    0.000000
   -0.000000    0.000000
   -0.000000    0.000000
   -0.000000    0.000000
   -0.000000    0.000000
   -0.000000    0.000000
   -0.000000    0.000000
   -0.000000    0.000000
   -0.000000    0.000000
   -0.000000    0.000000
   -0.000000    0.000000
   -0.000000    0.000000
   -0.000000    0.000000
   -0.000000    0.000000
   -0.000000    0.000000
   -0.000000    0.000000
   -0.000000    0.000000
    0.000000   -0.000000
    0.000000   -0.000000
    0.000000   -0.000000
    0.000000   -0.000000
    0.000000   -0.000000
    0.000000   -0.000000
    0.000000   -0.000000
    0.000000   -0.000000
    0.000000   -0.000000
    0.000000   -0.000000
    0.000000   -0.000000
    0.000000   -0.000000
    0.000000   -0.000000
    0.000000   -0.000000
    0.000000   -0.000000
    0.000000   -0.000000
    0.000000   -0.000000
    0.000000   -0.000000
    0.000000   -0.000000
    0.000000   -0.000000
   -0.000000   -0.000000
   -0.000000   -0.000000
   -0.000000    0.000000
   -0.000000    0.000000
   -0.000000    0.000000
   -0.000000    0.000000
   -0.000000    0.000000
   -0.000000    0.000000
   -0.000000    0.000000
   -0.000000    0.000000
   -0.000000    0.000000
   -0.000000    0.000000
   -0.000000    0.000000
   -0.000000    0.000000
   -0.000000    0.000000
   -0.000000    0.000000
   -0.000000    0.000000
   -0.000000    0.000000
   -0.000000    0.000000
   -0.000000    0.000000
   -0.000000    0.000000
   -0.000000    0.000000
   -0.000000    0.000000
    0.000000    0.000000
    0.000000    0.000000
    0.000000    0.000000
    0.000000    0.000000
    0.000000   -0.000000
    0.000000   -0.000000
    0.000000   -0.000000
    0.000000   -0.000000
    0.000000   -0.000000
    0.000000   -0.000000
    0.000000   -0.000000
    0.000000   -0.000000
    0.000000   -0.000000
    0.000000   -0.000000
    0.000000   -0.000000
    0.000000   -0.000000
    0.000000   -0.000000
   -0.000000   -0.000000
   -0.000000   -0.000000
   -0.000000   -0.000000
   -0.000000   -0.000000
   -0.000000   -0.000000
   -0.000000   -0.000000
   -0.000000   -0.000000
   -0.000000   -0.000000
   -0.000000   -0.000000
   -0.000000   -0.000000
   -0.000000   -0.000000
   -0.000000   -0.000000
   -0.000000   -0.000000
   -0.000000   -0.000000
   -0.000000   -0.000000
   -0.000000   -0.000000
   -0.000000   -0.000000
   -0.000000   -0.000000
   -0.000000   -0.000000
   -0.000000   -0.000000
   -0.000000   -0.000000
   -0.000000   -0.000000
   -0.000000   -0.000000
   -0.000000   -0.000000
   -0.000000   -0.000000
   -0.000000   -0.000000
   -0.000000   -0.000000
   -0.000000   -0.000000
   -0.000000   -0.000000
   -0.000000   -0.000000
   -0.000000   -0.000000
   -0.000000   -0.000000
   -0.000000   -0.000000
   -0.000000   -0.000000
   -0.000000   -0.000000
   -0.000000   -0.000000
   -0.000000   -0.000000
   -0.000000   -0.000000
   -0.000000   -0.000000
   -0.000000   -0.000000
   -0.000000   -0.000000
   -0.000000   -0.000000
   -0.000000   -0.000000
   -0.000000   -0.000000
   -0.000000   -0.000000
   -0.000000   -0.000000
   -0.000000   -0.000000
   -0.000000   -0.000000
   -0.000000   -0.000000
   -0.000000   -0.000000
   -0.000000   -0.000000
   -0.000000   -0.000000
   -0.000000   -0.000000
   -0.000000   -0.000000
   -0.000000   -0.000000
   -0.000000   -0.000000
   -0.000000   -0.000000
   -0.000000   -0.000000
   -0.000000   -0.000000
   -0.000000   -0.000000
   -0.000000   -0.000000
   -0.000000   -0.000000
   -0.000000   -0.000000
   -0.000000   -0.000000
   -0.000000   -0.000000
   -0.000000   -0.000000
   -0.000000   -0.000000
   -0.000000   -0.000000
   -0.000000   -0.000000
   -0.000000   -0.000000
   -0.000000   -0.000000
   -0.000000   -0.000000
   -0.000000   -0.000000
   -0.000000   -0.000000
   -0.000000   -0.000000
   -0.000000   -0.000000
   -0.000000   -0.000000
   -0.000000   -0.000000
   -0.000000   -0.000000
   -0.000000   -0.000000
   -0.000000   -0.000000
   -0.000000   -0.000000
   -0.000000   -0.000000
   -0.000000   -0.000000
   -0.000000   -0.000000
   -0.000000   -0.000000
   -0.000000   -0.000000
   -0.000000   -0.000000
   -0.000000   -0.000000
   -0.000000   -0.000000
   -0.000000   -0.000000
   -0.000000   -0.000000
   -0.000000   -0.000000
   -0.000000   -0.000000
   -0.000000   -0.000000
   -0.000000   -0.000000
   -0.000000   -0.000000
   -0.000000   -0.000000
   -0.000000   -0.000000
   -0.000000   -0.000000
   -0.000000   -0.000000
   -0.000000   -0.000000
   -0.000000   -0.000000
   -0.000000   -0.000000
   -0.000000   -0.000000
   -0.000000   -0.000000
   -0.000000   -0.000000
   -0.000000   -0.000000
   -0.000000   -0.000000
   -0.000000   -0.000000
   -0.000000   -0.000000
   -0.000000   -0.000000
   -0.000000   -0.000000
   -0.000000   -0.000000
   -0.000000   -0.000000
   -0.000000   -0.000000
   -0.000000   -0.000000
   -0.000000   -0.000000
   -0.000000   -0.000000
   -0.000000   -0.000000
   -0.000000   -0.000000
   -0.000000   -0.000000
   -0.000000   -0.000000
   -0.000000   -0.000000
   -0.000000   -0.000000
   -0.000000   -0.000000
   -0.000000   -0.000000
   -0.000000   -0.000000
   -0.000000   -0.000000
   -0.000000   -0.000000
   -0.000000   -0.000000
   -0.000000   -0.000000
   -0.000000   -0.000000
   -0.000000   -0.000000
   -0.000000   -0.000000
   -0.000000   -0.000000
   -0.000000   -0.000000
   -0.000000   -0.000000
   -0.000000   -0.000000
   -0.000000   -0.000000
   -0.000000   -0.000000
   -0.000000   -0.000000
   -0.000000   -0.000000
   -0.000000   -0.000000
   -0.000000   -0.000000
   -0.000000   -0.000000
   -0.000000   -0.000000
   -0.000000   -0.000000
   -0.000000   -0.000000
   -0.000000   -0.000000
   -0.000000   -0.000000
   -0.000000   -0.000000
   -0.000000   -0.000000
   -0.000000   -0.000000
   -0.000000   -0.000000
   -0.000000   -0.000000
   -0.000000   -0.000000
   -0.000000   -0.000000
   -0.000000   -0.000000
   -0.000000   -0.000000
   -0.000000   -0.000000
   -0.000000   -0.000000
   -0.000000   -0.000000
   -0.000000   -0.000000
   -0.000000   -0.000000
   -0.000000   -0.000000
   -0.000000   -0.000000
   -0.000000   -0.000000
   -0.000000   -0.000000
   -0.000000   -0.000000
   -0.000000   -0.000000
   -0.000000   -0.000000
   -0.000000   -0.000000
   -0.000000   -0.000000
   -0.000000   -0.000000
   -0.000000   -0.000000
   -0.000000   -0.000000
   -0.000000   -0.000000
   -0.000000   -0.000000
   -0.000000   -0.000000
   -0.000000   -0.000000
   -0.000000   -0.000000
   -0.000000   -0.000000
   -0.000000   -0.000000
   -0.000000   -0.000000
   -0.000000   -0.000000
   -0.000000   -0.000000
   -0.000000   -0.000000
   -0.000000   -0.000000
   -0.000000   -0.000000
   -0.000000   -0.000000
   -0.000000   -0.000000
   -0.000000   -0.000000
   -0.000000   -0.000000
   -0.000000   -0.000000
   -0.000000   -0.000000
   -0.000000   -0.000000
   -0.000000   -0.000000
   -0.000000   -0.000000
   -0.000000   -0.000000
   -0.000000   -0.000000
   -0.000000   -0.000000
   -0.000000   -0.000000
   -0.000000   -0.000000
   -0.000000   -0.000000
   -0.000000   -0.000000
   -0.000000   -0.000000
   -0.000000   -0.000000
   -0.000000   -0.000000
   -0.000000   -0.000000
   -0.000000   -0.000000
   -0.000000   -0.000000
   -0.000000   -0.000000
   -0.000000   -0.000000
   -0.000000   -0.000000
   -0.000000   -0.000000
   -0.000000   -0.000000
   -0.000000   -0.000000
   -0.000000   -0.000000
   -0.000000   -0.000000
   -0.000000   -0.000000
   -0.000000   -0.000000
   -0.000000   -0.000000
   -0.000000   -0.000000
   -0.000000   -0.000000
   -0.000000   -0.000000
   -0.000000   -0.000000
   -0.000000   -0.000000
   -0.000000   -0.000000
   -0.000000   -0.000000
   -0.000000   -0.000000
   -0.000000   -0.000000
   -0.000000   -0.000000
   -0.000000   -0.000000
   -0.000000   -0.000000
   -0.000000   -0.000000
   -0.000000   -0.000000
   -0.000000   -0.000000
   -0.000000   -0.000000
   -0.000000   -0.000000
   -0.000000   -0.000000
   -0.000000   -0.000000
   -0.000000   -0.000000
   -0.000000   -0.000000
   -0.000000   -0.000000
   -0.000000   -0.000000
   -0.000000   -0.000000
   -0.000000   -0.000000
   -0.000000   -0.000000
   -0.000000   -0.000000
   -0.000000   -0.000000
   -0.000000   -0.000000
   -0.000000   -0.000000
   -0.000000   -0.000000
   -0.000000   -0.000000
   -0.000000   -0.000000
   -0.000000   -0.000000
   -0.000000   -0.000000
   -0.000000   -0.000000
   -0.000000   -0.000000
   -0.000000   -0.000000
   -0.000000   -0.000000
   -0.000000   -0.000000
   -0.000000   -0.000000
   -0.000000   -0.000000
   -0.000000   -0.000000
   -0.000000   -0.000000
   -0.000000   -0.000000
   -0.000000   -0.000000
   -0.000000   -0.000000
   -0.000000   -0.000000
   -0.000000   -0.000000
   -0.000000   -0.000000
   -0.000000   -0.000000
   -0.000000   -0.000000
   -0.000000   -0.000000
   -0.000000   -0.000000
   -0.000000   -0.000000
   -0.000000   -0.000000
   -0.000000   -0.000000
   -0.000000   -0.000000
   -0.000000   -0.000000
   -0.000000   -0.000000
   -0.000000   -0.000000
   -0.000000   -0.000000
   -0.000000   -0.000000
   -0.000000   -0.000000
   -0.000000   -0.000000
   -0.000000   -0.000000
   -0.000000   -0.000000
   -0.000000   -0.000000
   -0.000000   -0.000000
   -0.000000   -0.000000
   -0.000000   -0.000000
   -0.000000   -0.000000
   -0.000000   -0.000000
   -0.000000   -0.000000
   -0.000000   -0.000000
   -0.000000   -0.000000
   -0.000000   -0.000000
   -0.000000   -0.000000
   -0.000000   -0.000000
   -0.000000   -0.000000
   -0.000000   -0.000000
   -0.000000   -0.000000
   -0.000000   -0.000000
   -0.000000   -0.000000
   -0.000000   -0.000000
   -0.000000   -0.000000
   -0.000000   -0.000000
   -0.000000   -0.000000
   -0.000000   -0.000000
   -0.000000   -0.000000
   -0.000000   -0.000000
   -0.000000   -0.000000
   -0.000000   -0.000000
   -0.000000   -0.000000
   -0.000000   -0.000000
   -0.000000   -0.000000
   -0.000000   -0.000000
   -0.000000   -0.000000
   -0.000000   -0.000000
   -0.000000   -0.000000
   -0.000000   -0.000000
   -0.000000   -0.000000
   -0.000000   -0.000000
   -0.000000   -0.000000
   -0.000000   -0.000000
   -0.000000   -0.000000
   -0.000000   -0.000000
   -0.000000   -0.000000
   -0.000000   -0.000000
   -0.000000   -0.000000
   -0.000000   -0.000000
   -0.000000   -0.000000
   -0.000000   -0.000000
   -0.000000   -0.000000
   -0.000000   -0.000000
   -0.000000   -0.000000
   -0.000000   -0.000000
   -0.000000   -0.000000
   -0.000000   -0.000000
   -0.000000   -0.000000
   -0.000000   -0.000000
   -0.000000   -0.000000
   -0.000000   -0.000000
   -0.000000   -0.000000
   -0.000000   -0.000000
   -0.000000   -0.000000
   -0.000000   -0.000000
   -0.000000   -0.000000
   -0.000000   -0.000000
   -0.000000   -0.000000
   -0.000000   -0.000000
   -0.000000   -0.000000
   -0.000000   -0.000000
   -0.000000   -0.000000
   -0.000000   -0.000000
   -0.000000   -0.000000
   -0.000000   -0.000000
   -0.000000   -0.000000
   -0.000000   -0.000000
   -0.000000   -0.000000
   -0.000000   -0.000000
   -0.000000   -0.000000
   -0.000000   -0.000000
   -0.000000   -0.000000
   -0.000000   -0.000000
   -0.000000   -0.000000
   -0.000000   -0.000000
   -0.000000   -0.000000
   -0.000000   -0.000000
   -0.000000   -0.000000
   -0.000000   -0.000000
   -0.000000   -0.000000
   -0.000000   -0.000000
   -0.000000   -0.000000
   -0.000000   -0.000000
   -0.000000   -0.000000
   -0.000000   -0.000000
   -0.000000   -0.000000
   -0.000000   -0.000000
   -0.000000   -0.000000
   -0.000000   -0.000000
   -0.000000   -0.000000
   -0.000000   -0.000000
   -0.000000   -0.000000
   -0.000000   -0.000000
   -0.000000   -0.000000
   -0.000000   -0.000000
   -0.000000   -0.000000
   -0.000000   -0.000000
   -0.000000   -0.000000
   -0.000000   -0.000000
   -0.000000   -0.000000
   -0.000000   -0.000000
   -0.000000   -0.000000
   -0.000000   -0.000000
   -0.000000   -0.000000
   -0.000000   -0.000000
   -0.000000   -0.000000
   -0.000000   -0.000000
   -0.000000   -0.000000
   -0.000000   -0.000000
   -0.000000   -0.000000
   -0.000000   -0.000000
   -0.000000   -0.000000
   -0.000000   -0.000000
   -0.000000   -0.000000
   -0.000000   -0.000000
   -0.000000   -0.000000
   -0.000000   -0.000000
   -0.000000   -0.000000
   -0.000000   -0.000000
   -0.000000   -0.000000
   -0.000000   -0.000000
   -0.000000   -0.000000
   -0.000000   -0.000000
   -0.000000   -0.000000
   -0.000000   -0.000000
   -0.000000   -0.000000
   -0.000000   -0.000000
   -0.000000   -0.000000
   -0.000000   -0.000000
   -0.000000   -0.000000
   -0.000000   -0.000000
   -0.000000   -0.000000
   -0.000000   -0.000000
   -0.000000   -0.000000
   -0.000000   -0.000000
   -0.000000   -0.000000
   -0.000000   -0.000000
   -0.000000   -0.000000
   -0.000000   -0.000000
   -0.000000   -0.000000
   -0.000000   -0.000000
   -0.000000   -0.000000
   -0.000000   -0.000000
   -0.000000   -0.000000
   -0.000000   -0.000000
   -0.000000   -0.000000
   -0.000000   -0.000000
   -0.000000   -0.000000
   -0.000000   -0.000000
   -0.000000   -0.000000
   -0.000000   -0.000000
   -0.000000   -0.000000
   -0.000000   -0.000000
   -0.000000   -0.000000
   -0.000000   -0.000000
   -0.000000   -0.000000
   -0.000000   -0.000000
   -0.000000   -0.000000
   -0.000000   -0.000000
   -0.000000   -0.000000
   -0.000000   -0.000000
   -0.000000   -0.000000
   -0.000000   -0.000000
   -0.000000   -0.000000
   -0.000000   -0.000000
   -0.000000   -0.000000
   -0.000000   -0.000000
   -0.000000   -0.000000
   -0.000000   -0.000000
   -0.000000   -0.000000
   -0.000000   -0.000000
   -0.000000   -0.000000
   -0.000000   -0.000000
   -0.000000   -0.000000
   -0.000000   -0.000000
   -0.000000   -0.000000
   -0.000000   -0.000000
   -0.000000   -0.000000
   -0.000000   -0.000000
   -0.000000   -0.000000
   -0.000000   -0.000000
   -0.000000   -0.000000
   -0.000000   -0.000000
   -0.000000   -0.000000
   -0.000000   -0.000000
   -0.000000   -0.000000
   -0.000000   -0.000000
   -0.000000   -0.000000
   -0.000000   -0.000000
   -0.000000   -0.000000
   -0.000000   -0.000000
   -0.000000   -0.000000
   -0.000000   -0.000000
   -0.000000   -0.000000
   -0.000000   -0.000000
   -0.000000   -0.000000
   -0.000000   -0.000000
   -0.000000   -0.000000
   -0.000000   -0.000000
   -0.000000   -0.000000
   -0.000000   -0.000000
   -0.000000   -0.000000
   -0.000000   -0.000000
   -0.000000   -0.000000
   -0.000000   -0.000000
   -0.000000   -0.000000
   -0.000000   -0.000000
   -0.000000   -0.000000
   -0.000000   -0.000000
   -0.000000   -0.000000
   -0.000000   -0.000000
   -0.000000   -0.000000
   -0.000000   -0.000000
   -0.000000   -0.000000
   -0.000000   -0.000000
   -0.000000   -0.000000
   -0.000000   -0.000000
   -0.000000   -0.000000
   -0.000000   -0.000000
   -0.000000   -0.000000
   -0.000000   -0.000000
   -0.000000   -0.000000
   -0.000000   -0.000000
   -0.000000   -0.000000
   -0.000000   -0.000000
   -0.000000   -0.000000
   -0.000000   -0.000000
   -0.000000   -0.000000
   -0.000000   -0.000000
   -0.000000   -0.000000
   -0.000000   -0.000000
   -0.000000   -0.000000
   -0.000000   -0.000000
   -0.000000   -0.000000
   -0.000000   -0.000000
   -0.000000   -0.000000
   -0.000000   -0.000000
   -0.000000   -0.000000
   -0.000000   -0.000000
   -0.000000   -0.000000
   -0.000000   -0.000000
   -0.000000   -0.000000
   -0.000000   -0.000000
   -0.000000   -0.000000
   -0.000000   -0.000000
   -0.000000   -0.000000
   -0.000000   -0.000000
   -0.000000   -0.000000
   -0.000000   -0.000000
   -0.000000   -0.000000
   -0.000000   -0.000000
   -0.000000   -0.000000
   -0.000000   -0.000000
   -0.000000   -0.000000
   -0.000000   -0.000000
   -0.000000   -0.000000
   -0.000000   -0.000000
   -0.000000   -0.000000
   -0.000000   -0.000000
   -0.000000   -0.000000
   -0.000000   -0.000000
   -0.000000   -0.000000
   -0.000000   -0.000000
   -0.000000   -0.000000
   -0.000000   -0.000000
   -0.000000   -0.000000
   -0.000000   -0.000000
   -0.000000   -0.000000
   -0.000000   -0.000000
   -0.000000   -0.000000
   -0.000000   -0.000000
   -0.000000   -0.000000
   -0.000000   -0.000000
   -0.000000   -0.000000
   -0.000000   -0.000000
   -0.000000   -0.000000
   -0.000000   -0.000000
   -0.000000   -0.000000
   -0.000000   -0.000000
   -0.000000   -0.000000
   -0.000000   -0.000000
   -0.000000   -0.000000
   -0.000000   -0.000000
   -0.000000   -0.000000
   -0.000000   -0.000000
   -0.000000   -0.000000
   -0.000000   -0.000000
   -0.000000   -0.000000
   -0.000000   -0.000000
   -0.000000   -0.000000
   -0.000000   -0.000000
   -0.000000   -0.000000
   -0.000000   -0.000000
   -0.000000   -0.000000
   -0.000000   -0.000000
   -0.000000   -0.000000
   -0.000000   -0.000000
   -0.000000   -0.000000
   -0.000000   -0.000000
   -0.000000   -0.000000
   -0.000000   -0.000000
   -0.000000   -0.000000
   -0.000000   -0.000000
    0.000000   -0.000000
    0.000000   -0.000000
    0.000000   -0.000000
    0.000000   -0.000000
    0.000000   -0.000000
    0.000000   -0.000000
    0.000000   -0.000000
    0.000000   -0.000000
    0.000000   -0.000000
    0.000000   -0.000000
    0.000000   -0.000000
    0.000000   -0.000000
    0.000000   -0.000000
    0.000000   -0.000000
    0.000000   -0.000000
    0.000000   -0.000000
    0.000000   -0.000000
    0.000000   -0.000000
    0.000000   -0.000000
    0.000000   -0.000000
    0.000000   -0.000000
    0.000000   -0.000000
    0.000000   -0.000000
    0.000000   -0.000000
    0.000000   -0.000000
    0.000000   -0.000000
    0.000000   -0.000000
    0.000000   -0.000000
    0.000000   -0.000000
    0.000000   -0.000000
    0.000000   -0.000000
    0.000000   -0.000000
    0.000000   -0.000000
    0.000000   -0.000000
    0.000000   -0.000000
    0.000000   -0.000000
    0.000000   -0.000000
    0.000000   -0.000000
    0.000000   -0.000000
    0.000000   -0.000000
    0.000000   -0.000000
    0.000000   -0.000000
    0.000000   -0.000000
    0.000000   -0.000000
    0.000000   -0.000000
    0.000000   -0.000000
    0.000000   -0.000000
    0.000000   -0.000000
    0.000000   -0.000000
    0.000000   -0.000000
    0.000000   -0.000000
    0.000000   -0.000000
    0.000000   -0.000000
    0.000000   -0.000000
    0.000000   -0.000000
    0.000000   -0.000000
    0.000000   -0.000000
    0.000000   -0.000000
    0.000000   -0.000000
    0.000000   -0.000000
    0.000000   -0.000000
    0.000000   -0.000000
    0.000000   -0.000000
    0.000000   -0.000000
    0.000000   -0.000000
    0.000000   -0.000000
    0.000000   -0.000000
    0.000000   -0.000000
    0.000000   -0.000000
    0.000000   -0.000000
    0.000000   -0.000000
    0.000000   -0.000000
    0.000000   -0.000000
    0.000000   -0.000000
    0.000000   -0.000000
    0.000000   -0.000000
    0.000000   -0.000000
    0.000000   -0.000000
    0.000000   -0.000000
    0.000000   -0.000000
    0.000000   -0.000000
    0.000000   -0.000000
    0.000000   -0.000000
    0.000000   -0.000000
    0.000000   -0.000000
    0.000000   -0.000000
    0.000000   -0.000000
    0.000000   -0.000000
    0.000000   -0.000000
    0.000000   -0.000000
    0.000000   -0.000000
    0.000000   -0.000000
    0.000000   -0.000000
    0.000000   -0.000000
    0.000000   -0.000000
    0.000000   -0.000000
    0.000000   -0.000000
    0.000000   -0.000000
    0.000000   -0.000000
    0.000000   -0.000000
    0.000000   -0.000000
    0.000000   -0.000000
    0.000000   -0.000000
    0.000000   -0.000000
    0.000000   -0.000000
    0.000000   -0.000000
    0.000000   -0.000000
    0.000000   -0.000000
    0.000000   -0.000000
    0.000000   -0.000000
    0.000000   -0.000000
    0.000000   -0.000000
    0.000000   -0.000000
    0.000000   -0.000000
    0.000000   -0.000000
    0.000000   -0.000000
    0.000000   -0.000000
    0.000000   -0.000000
    0.000000   -0.000000
    0.000000   -0.000000
    0.000000   -0.000000
    0.000000   -0.000000
    0.000000   -0.000000
    0.000000   -0.000000
    0.000000   -0.000000
    0.000000   -0.000000
    0.000000   -0.000000
    0.000000   -0.000000
    0.000000   -0.000000
    0.000000   -0.000000
    0.000000   -0.000000
    0.000000   -0.000000
    0.000000   -0.000000
    0.000000   -0.000000
    0.000000   -0.000000
    0.000000   -0.000000
    0.000000   -0.000000
    0.000000   -0.000000
    0.000000   -0.000000
    0.000000   -0.000000
    0.000000   -0.000000
    0.000000   -0.000000
    0.000000   -0.000000
    0.000000   -0.000000
    0.000000   -0.000000
    0.000000   -0.000000
    0.000000   -0.000000
    0.000000   -0.000000
    0.000000   -0.000000
    0.000000   -0.000000
    0.000000   -0.000000
    0.000000   -0.000000
    0.000000   -0.000000
    0.000000   -0.000000
    0.000000   -0.000000
    0.000000   -0.000000
    0.000000   -0.000000
    0.000000   -0.000000
    0.000000   -0.000000
    0.000000   -0.000000
    0.000000   -0.000000
    0.000000   -0.000000
    0.000000   -0.000000
    0.000000   -0.000000
    0.000000   -0.000000
    0.000000   -0.000000
    0.000000   -0.000000
    0.000000   -0.000000
    0.000000   -0.000000
    0.000000   -0.000000
    0.000000   -0.000000
    0.000000   -0.000000
    0.000000   -0.000000
    0.000000   -0.000000
    0.000000   -0.000000
    0.000000   -0.000000
    0.000000   -0.000000
    0.000000   -0.000000
    0.000000   -0.000000
    0.000000   -0.000000
    0.000000   -0.000000
    0.000000   -0.000000
    0.000000   -0.000000
    0.000000   -0.000000
    0.000000   -0.000000
    0.000000   -0.000000
    0.000000   -0.000000
    0.000000   -0.000000
    0.000000   -0.000000
    0.000000   -0.000000
    0.000000   -0.000000
    0.000000   -0.000000
    0.000000   -0.000000
    0.000000   -0.000000
    0.000000   -0.000000
    0.000000   -0.000000
    0.000000   -0.000000
    0.000000   -0.000000
    0.000000   -0.000000
    0.000000   -0.000000
    0.000000   -0.000000
    0.000000   -0.000000
    0.000000   -0.000000
    0.000000   -0.000000
    0.000000   -0.000000
    0.000000   -0.000000
    0.000000   -0.000000
    0.000000   -0.000000
    0.000000   -0.000000
    0.000000   -0.000000
    0.000000   -0.000000
    0.000000   -0.000000
    0.000000   -0.000000
    0.000000   -0.000000
    0.000000   -0.000000
    0.000000   -0.000000
    0.000000   -0.000000
    0.000000   -0.000000
    0.000000   -0.000000
    0.000000   -0.000000
    0.000000   -0.000000
    0.000000   -0.000000
    0.000000   -0.000000
    0.000000   -0.000000
    0.000000   -0.000000
    0.000000   -0.000000
    0.000000   -0.000000
    0.000000   -0.000000
    0.000000   -0.000000
    0.000000   -0.000000
    0.000000   -0.000000
    0.000000   -0.000000
    0.000000   -0.000000
    0.000000   -0.000000
    0.000000   -0.000000
    0.000000   -0.000000
    0.000000   -0.000000
    0.000000   -0.000000
    0.000000   -0.000000
    0.000000   -0.000000
    0.000000   -0.000000
    0.000000   -0.000000
    0.000000   -0.000000
    0.000000   -0.000000
    0.000000   -0.000000
    0.000000   -0.000000
    0.000000   -0.000000
    0.000000   -0.000000
    0.000000   -0.000000
    0.000000   -0.000000
    0.000000   -0.000000
    0.000000   -0.000000
    0.000000   -0.000000
    0.000000   -0.000000
    0.000000   -0.000000
    0.000000   -0.000000
    0.000000   -0.000000
    0.000000   -0.000000
    0.000000   -0.000000
    0.000000   -0.000000
    0.000000   -0.000000
    0.000000   -0.000000
    0.000000   -0.000000
    0.000000   -0.000000
    0.000000   -0.000000
    0.000000   -0.000000
    0.000000   -0.000000
    0.000000   -0.000000
    0.000000   -0.000000
    0.000000   -0.000000
    0.000000   -0.000000
    0.000000   -0.000000
    0.000000   -0.000000
    0.000000   -0.000000
    0.000000   -0.000000
    0.000000   -0.000000
    0.000000   -0.000000
    0.000000   -0.000000
    0.000000   -0.000000
    0.000000   -0.000000
    0.000000   -0.000000
    0.000000   -0.000000
    0.000000   -0.000000
    0.000000   -0.000000
    0.000000   -0.000000
    0.000000   -0.000000
    0.000000   -0.000000
    0.000000   -0.000000
    0.000000   -0.000000
    0.000000   -0.000000
    0.000000   -0.000000
    0.000000   -0.000000
    0.000000   -0.000000
    0.000000   -0.000000
    0.000000   -0.000000
    0.000000   -0.000000
    0.000000   -0.000000
    0.000000   -0.000000
    0.000000   -0.000000
    0.000000   -0.000000
    0.000000   -0.000000
    0.000000   -0.000000
    0.000000   -0.000000
    0.000000   -0.000000
    0.000000   -0.000000
    0.000000   -0.000000
    0.000000   -0.000000
    0.000000   -0.000000
    0.000000   -0.000000
    0.000000   -0.000000
    0.000000   -0.000000
    0.000000   -0.000000
    0.000000   -0.000000
    0.000000   -0.000000
    0.000000   -0.000000
    0.000000   -0.000000
    0.000000   -0.000000
    0.000000   -0.000000
    0.000000   -0.000000
    0.000000   -0.000000
    0.000000   -0.000000
    0.000000   -0.000000
    0.000000   -0.000000
    0.000000   -0.000000
    0.000000   -0.000000
    0.000000   -0.000000
    0.000000   -0.000000
    0.000000   -0.000000
    0.000000   -0.000000
    0.000000   -0.000000
    0.000000   -0.000000
    0.000000   -0.000000
    0.000000   -0.000000
    0.000000   -0.000000
    0.000000   -0.000000
    0.000000   -0.000000
    0.000000   -0.000000
    0.000000   -0.000000
    0.000000   -0.000000
    0.000000   -0.000000
    0.000000   -0.000000
    0.000000   -0.000000
    0.000000   -0.000000
    0.000000   -0.000000
    0.000000   -0.000000
    0.000000   -0.000000
    0.000000   -0.000000
    0.000000   -0.000000
    0.000000   -0.000000
    0.000000   -0.000000
    0.000000   -0.000000
    0.000000   -0.000000
    0.000000   -0.000000
    0.000000   -0.000000
    0.000000   -0.000000
    0.000000   -0.000000
    0.000000   -0.000000
    0.000000   -0.000000
    0.000000   -0.000000
    0.000000   -0.000000
    0.000000   -0.000000
    0.000000   -0.000000
    0.000000   -0.000000
    0.000000   -0.000000
    0.000000   -0.000000
    0.000000   -0.000000
    0.000000   -0.000000
    0.000000   -0.000000
    0.000000   -0.000000
    0.000000   -0.000000
    0.000000   -0.000000
    0.000000   -0.000000
    0.000000   -0.000000
    0.000000   -0.000000
    0.000000   -0.000000
    0.000000   -0.000000
    0.000000   -0.000000
    0.000000   -0.000000
    0.000000   -0.000000
    0.000000   -0.000000
    0.000000   -0.000000
    0.000000   -0.000000
    0.000000   -0.000000
    0.000000   -0.000000
    0.000000   -0.000000
    0.000000   -0.000000
    0.000000   -0.000000
    0.000000   -0.000000
    0.000000   -0.000000
    0.000000   -0.000000
    0.000000   -0.000000
    0.000000   -0.000000
    0.000000   -0.000000
    0.000000   -0.000000
    0.000000   -0.000000
    0.000000   -0.000000
    0.000000   -0.000000
    0.000000   -0.000000
    0.000000   -0.000000
    0.000000   -0.000000
    0.000000   -0.000000
    0.000000   -0.000000
    0.000000   -0.000000
    0.000000   -0.000000
    0.000000    0.000000
    0.000000    0.000000
    0.000000    0.000000
    0.000000    0.000000
    0.000000    0.000000
    0.000000    0.000000
    0.000000    0.000000
    0.000000    0.000000
    0.000000    0.000000
    0.000000    0.000000
    0.000000    0.000000
    0.000000    0.000000
    0.000000    0.000000
    0.000000    0.000000
    0.000000    0.000000
    0.000000    0.000000
    0.000000    0.000000
    0.000001    0.000000
    0.000001    0.000000
    0.000001    0.000000
    0.000001    0.000000
    0.000001    0.000000
    0.000001    0.000000
    0.000001    0.000000
    0.000001    0.000000
    0.000001    0.000000
    0.000001    0.000000
    0.000001    0.000000
    0.000001    0.000000
    0.000001    0.000000
    0.000001    0.000000
    0.000001    0.000000
    0.000001    0.000000
    0.000001    0.000000
    0.000001    0.000000
    0.000001    0.000000
    0.000001    0.000000
    0.000001    0.000000
    0.000001    0.000000
    0.000001    0.000000
    0.000001    0.000000
    0.000001    0.000000
    0.000001    0.000000
    0.000001    0.000000
    0.000001    0.000000
    0.000001    0.000000
    0.000001    0.000000
    0.000001    0.000000
    0.000001    0.000000
    0.000001    0.000000
    0.000001    0.000000
    0.000002    0.000000
    0.000002    0.000000
    0.000002    0.000000
    0.000002    0.000000
    0.000002    0.000000
    0.000002    0.000000
    0.000002    0.000000
    0.000002    0.000000
    0.000002    0.000000
    0.000002    0.000000
    0.000002    0.000000
    0.000002    0.000000
    0.000002    0.000000
    0.000002    0.000000
    0.000002    0.000000
    0.000002    0.000000
    0.000003    0.000000
    0.000003    0.000000
    0.000003    0.000000
    0.000003    0.000000
    0.000003    0.000000
    0.000003    0.000001
    0.000003    0.000001
    0.000003    0.000001
    0.000003    0.000001
    0.000003    0.000001
    0.000004    0.000001
    0.000004    0.000001
    0.000004    0.000001
    0.000004    0.000001
    0.000004    0.000001
    0.000004    0.000001
    0.000004    0.000001
    0.000004    0.000001
    0.000005    0.000001
    0.000005    0.000001
    0.000005    0.000001
    0.000005    0.000001
    0.000005    0.000001
    0.000005    0.000001
    0.000006    0.000001
    0.000006    0.000001
    0.000006    0.000001
    0.000006    0.000001
    0.000006    0.000001
    0.000007    0.000001
    0.000007    0.000001
    0.000007    0.000001
    0.000007    0.000001
    0.000008    0.000001
    0.000008    0.000001
    0.000008    0.000001
    0.000008    0.000001
    0.000009    0.000001
    0.000009    0.000001
    0.000009    0.000001
    0.000010    0.000001
    0.000010    0.000001
    0.000010    0.000001
    0.000011    0.000001
    0.000011    0.000001
    0.000012    0.000001
    0.000012    0.000001
    0.000013    0.000001
    0.000013    0.000001
    0.000013    0.000001
    0.000014    0.000001
    0.000014    0.000001
    0.000015    0.000001
    0.000016    0.000001
    0.000016    0.000001
    0.000017    0.000001
    0.000017    0.000001
    0.000018    0.000001
    0.000019    0.000001
    0.000019    0.000001
    0.000020    0.000001
    0.000021    0.000001
    0.000022    0.000001
    0.000023    0.000001
    0.000023    0.000001
    0.000024    0.000001
    0.000025    0.000001
    0.000026    0.000001
    0.000027    0.000001
    0.000028    0.000001
    0.000029    0.000001
    0.000030    0.000001
    0.000032    0.000001
    0.000033    0.000001
    0.000034    0.000001
    0.000035    0.000001
    0.000037    0.000001
    0.000038    0.000001
    0.000040    0.000001
    0.000041    0.000001
    0.000043    0.000001
    0.000045    0.000001
    0.000047    0.000001
    0.000048    0.000001
    0.000050    0.000001
    0.000052    0.000001
    0.000054    0.000001
    0.000057    0.000001
    0.000059    0.000001
    0.000061    0.000001
    0.000064    0.000001
    0.000066    0.000001
    0.000069    0.000001
    0.000072    0.000001
    0.000074    0.000001
    0.000077    0.000001
    0.000081    0.000001
    0.000084    0.000001
    0.000087    0.000001
    0.000091    0.000001
    0.000094    0.000001
    0.000098    0.000001
    0.000102    0.000001
    0.000106    0.000001
    0.000111    0.000001
    0.000115    0.000001
    0.000120    0.000001
    0.000125    0.000001
    0.000130    0.000001
    0.000135    0.000001
    0.000140    0.000001
    0.000146    0.000001
    0.000152    0.000001
    0.000158    0.000001
    0.000164    0.000001
    0.000171    0.000001
    0.000178    0.000001
    0.000185    0.000000
    0.000193    0.000000
    0.000200    0.000000
    0.000208    0.000000
    0.000217    0.000000
    0.000226    0.000000
    0.000235    0.000000
    0.000244    0.000000
    0.000254    0.000000
    0.000264    0.000000
    0.000275    0.000000
    0.000286    0.000000
    0.000297    0.000000
    0.000309    0.000000
    0.000321    0.000000
    0.000334    0.000000
    0.000348    0.000000
    0.000361   -0.000000
    0.000376   -0.000000
    0.000391   -0.000000
    0.000406   -0.000000
    0.000422   -0.000000
    0.000439   -0.000000
    0.000457   -0.000000
    0.000475   -0.000000
    0.000493   -0.000000
    0.000513   -0.000000
    0.000533   -0.000000
    0.000554   -0.000000
    0.000576   -0.000000
    0.000598   -0.000000
    0.000622   -0.000000
    0.000646   -0.000000
    0.000671   -0.000000
    0.000697   -0.000000
    0.000725   -0.000000
    0.000753   -0.000000
    0.000782   -0.000000
    0.000812   -0.000000
    0.000844   -0.000000
    0.000876   -0.000000
    0.000910   -0.000000
    0.000945   -0.000001
    0.000981   -0.000001
    0.001019   -0.000001
    0.001058   -0.000000
    0.001098   -0.000000
    0.001140   -0.000000
    0.001183   -0.000000
    0.001228   -0.000000
    0.001274   -0.000000
    0.001323   -0.000000
    0.001372   -0.000000
    0.001424   -0.000000
    0.001478   -0.000000
    0.001533   -0.000000
    0.001590   -0.000000
    0.001650   -0.000000
    0.001711   -0.000000
    0.001775   -0.000000
    0.001840   -0.000000
    0.001908   -0.000000
    0.001979   -0.000000
    0.002052    0.000000
    0.002127    0.000000
    0.002205    0.000000
    0.002286    0.000000
    0.002369    0.000000
    0.002456    0.000000
    0.002545    0.000000
    0.002637    0.000000
    0.002732    0.000001
    0.002831    0.000001
    0.002933    0.000001
    0.003038    0.000001
    0.003147    0.000001
    0.003259    0.000001
    0.003376    0.000001
    0.003496    0.000001
    0.003620    0.000001
    0.003748    0.000002
    0.003880    0.000002
    0.004017    0.000002
    0.004158    0.000002
    0.004303    0.000002
    0.004454    0.000002
    0.004609    0.000002
    0.004769    0.000003
    0.004934    0.000003
    0.005105    0.000003
    0.005281    0.000003
    0.005462    0.000003
    0.005650    0.000003
    0.005843    0.000004
    0.006042    0.000004
    0.006248    0.000004
    0.006460    0.000004
    0.006679    0.000004
    0.006904    0.000005
    0.007136    0.000005
    0.007376    0.000005
    0.007623    0.000005
    0.007877    0.000006
    0.008139    0.000006
    0.008409    0.000006
    0.008688    0.000006
    0.008975    0.000007
    0.009270    0.000007
    0.009574    0.000007
    0.009887    0.000007
    0.010210    0.000008
    0.010542    0.000008
    0.010884    0.000008
    0.011236    0.000008
    0.011598    0.000009
    0.011971    0.000009
    0.012355    0.000009
    0.012750    0.000010
    0.013156    0.000010
    0.013574    0.000010
    0.014004    0.000011
    0.014447    0.000011
    0.014901    0.000011
    0.015369    0.000012
    0.015850    0.000012
    0.016345    0.000012
    0.016853    0.000013
    0.017375    0.000013
    0.017912    0.000013
    0.018464    0.000014
    0.019032    0.000014
    0.019614    0.000014
    0.020213    0.000015
    0.020828    0.000015
    0.021459    0.000015
    0.022108    0.000016
    0.022774    0.000016
    0.023458    0.000017
    0.024161    0.000017
    0.024882    0.000017
    0.025622    0.000018
    0.026381    0.000018
    0.027161    0.000018
    0.027961    0.000019
    0.028781    0.000019
    0.029623    0.000020
    0.030487    0.000020
    0.031373    0.000020
    0.032281    0.000021
    0.033213    0.000021
    0.034168    0.000021
    0.035148    0.000022
    0.036152    0.000022
    0.037181    0.000022
    0.038236    0.000023
    0.039316    0.000023
    0.040424    0.000024
    0.041559    0.000024
    0.042721    0.000024
    0.043912    0.000025
    0.045131    0.000025
    0.046380    0.000025
    0.047659    0.000026
    0.048968    0.000026
    0.050309    0.000026
    0.051681    0.000027
    0.053085    0.000027
    0.054522    0.000027
    0.055993    0.000028
    0.057498    0.000028
    0.059037    0.000028
    0.060612    0.000028
    0.062222    0.000029
    0.063870    0.000029
    0.065554    0.000029
    0.067276    0.000030
    0.069036    0.000030
    0.070836    0.000030
    0.072676    0.000030
    0.074555    0.000030
    0.076476    0.000031
    0.078439    0.000031
    0.080444    0.000031
    0.082492    0.000031
    0.084584    0.000031
    0.086720    0.000032
    0.088901    0.000032
    0.091128    0.000032
    0.093402    0.000032
    0.095723    0.000032
    0.098092    0.000032
    0.100509    0.000032
    0.102975    0.000032
    0.105492    0.000032
    0.108059    0.000032
    0.110677    0.000032
    0.113348    0.000032
    0.116071    0.000032
    0.118847    0.000032
    0.121678    0.000032
    0.124563    0.000032
    0.127504    0.000032
    0.130502    0.000032
    0.133556    0.000032
    0.136667    0.000032
    0.139837    0.000032
    0.143066    0.000032
    0.146354    0.000031
    0.149703    0.000031
    0.153112    0.000031
    0.156583    0.000031
    0.160117    0.000030
    0.163713    0.000030
    0.167372    0.000030
    0.171096    0.000030
    0.174885    0.000029
    0.178739    0.000029
    0.182658    0.000029
    0.186645    0.000028
    0.190698    0.000028
    0.194819    0.000027
    0.199009    0.000027
    0.203267    0.000026
    0.207595    0.000026
    0.211992    0.000025
    0.216460    0.000025
    0.220998    0.000024
    0.225608    0.000024
    0.230290    0.000023
    0.235044    0.000022
    0.239871    0.000022
    0.244770    0.000021
    0.249743    0.000020
    0.254790    0.000020
    0.259911    0.000019
    0.265107    0.000018
    0.270377    0.000017
    0.275722    0.000016
    0.281143    0.000016
    0.286639    0.000015
    0.292211    0.000014
    0.297859    0.000013
    0.303583    0.000012
    0.309384    0.000011
    0.315260    0.000010
    0.321213    0.000009
    0.327243    0.000008
    0.333349    0.000007
    0.339531    0.000006
    0.345790    0.000004
    0.352125    0.000003
    0.358536    0.000002
    0.365024    0.000001
    0.371587   -0.000001
    0.378226   -0.000002
    0.384940   -0.000003
    0.391729   -0.000004
    0.398593   -0.000006
    0.405531   -0.000007
    0.412544   -0.000009
    0.419630   -0.000010
    0.426788   -0.000012
    0.434020   -0.000013
    0.441323   -0.000015
    0.448697   -0.000016
    0.456142   -0.000018
    0.463657   -0.000019
    0.471241   -0.000021
    0.478893   -0.000023
    0.486612   -0.000024
    0.494398   -0.000026
    0.502250   -0.000028
    0.510166   -0.000030
    0.518146   -0.000032
    0.526188   -0.000034
    0.534291   -0.000035
    0.542454   -0.000037
    0.550675   -0.000039
    0.558955   -0.000041
    0.567290   -0.000043
    0.575679   -0.000045
    0.584122   -0.000048
    0.592616   -0.000050
    0.601160   -0.000052
    0.609752   -0.000054
    0.618391   -0.000056
    0.627075   -0.000059
    0.635801   -0.000061
    0.644568   -0.000063
    0.653375   -0.000066
    0.662218   -0.000068
    0.671096   -0.000071
    0.680007   -0.000073
    0.688948   -0.000076
    0.697918   -0.000078
    0.706913   -0.000081
    0.715932   -0.000083
    0.724972   -0.000086
    0.734031   -0.000089
    0.743105   -0.000092
    0.752193   -0.000094
    0.761291   -0.000097
    0.770397   -0.000100
    0.779508   -0.000103
    0.788621   -0.000106
    0.797733   -0.000109
    0.806841   -0.000112
    0.815942   -0.000115
    0.825032   -0.000119
    0.834109   -0.000122
    0.843170   -0.000125
    0.852210   -0.000128
    0.861226   -0.000132
    0.870216   -0.000135
    0.879175   -0.000139
    0.888100   -0.000142
    0.896987   -0.000146
    0.905832   -0.000150
    0.914632   -0.000153
    0.923383   -0.000157
    0.932081   -0.000161
    0.940722   -0.000165
    0.949302   -0.000169
    0.957816   -0.000173
    0.966262   -0.000177
    0.974634   -0.000181
    0.982928   -0.000185
    0.991140   -0.000190
    0.999267   -0.000194
    1.007302   -0.000199
    1.015243   -0.000203
    1.023084   -0.000208
    1.030821   -0.000213
    1.038449   -0.000218
    1.045964   -0.000223
    1.053361   -0.000228
    1.060635   -0.000233
    1.067782   -0.000238
    1.074797   -0.000243
    1.081675   -0.000249
    1.088412   -0.000254
    1.095001   -0.000260
    1.101439   -0.000265
    1.107721   -0.000271
    1.113841   -0.000277
    1.119795   -0.000283
    1.125577   -0.000290
    1.131183   -0.000296
    1.136607   -0.000302
    1.141845   -0.000309
    1.146891   -0.000316
    1.151740   -0.000323
    1.156388   -0.000330
    1.160828   -0.000337
    1.165056   -0.000344
    1.169068   -0.000352
    1.172856   -0.000359
    1.176418   -0.000367
    1.179747   -0.000375
    1.182838   -0.000383
    1.185686   -0.000392
    1.188287   -0.000400
    1.190634   -0.000409
    1.192724   -0.000418
    1.194551   -0.000427
    1.196110   -0.000437
    1.197395   -0.000446
    1.198403   -0.000456
    1.199128   -0.000466
    1.199566   -0.000476
    1.199711   -0.000487
    1.199558   -0.000497
    1.199103   -0.000508
    1.198342   -0.000520
    1.197269   -0.000531
    1.195880   -0.000543
    1.194170   -0.000555
    1.192135   -0.000567
    1.189771   -0.000580
    1.187073   -0.000593
    1.184036   -0.000606
    1.180657   -0.000620
    1.176932   -0.000633
    1.172855   -0.000648
    1.168424   -0.000662
    1.163635   -0.000677
    1.158483   -0.000692
    1.152966   -0.000708
    1.147078   -0.000724
    1.140817   -0.000740
    1.134180   -0.000757
    1.127162   -0.000774
    1.119762   -0.000792
    1.111975   -0.000810
    1.103799   -0.000828
    1.095230   -0.000847
    1.086267   -0.000867
    1.076906   -0.000887
    1.067145   -0.000907
    1.056982   -0.000928
    1.046413   -0.000949
    1.035438   -0.000971
    1.024054   -0.000993
    1.012260   -0.001016
    1.000053   -0.001039
    0.987432   -0.001063
    0.974396   -0.001088
    0.960944   -0.001113
    0.947073   -0.001139
    0.932784   -0.001165
    0.918076   -0.001192
    0.902948   -0.001220
    0.887399   -0.001248
    0.871430   -0.001277
    0.855039   -0.001307
    0.838228   -0.001337
    0.820996   -0.001368
    0.803344   -0.001400
    0.785273   -0.001432
    0.766782   -0.001466
    0.747874   -0.001500
    0.728548   -0.001535
    0.708807   -0.001570
    0.688652   -0.001607
    0.668084   -0.001644
    0.647106   -0.001682
    0.625719   -0.001721
    0.603926   -0.001761
    0.581729   -0.001802
    0.559131   -0.001843
    0.536134   -0.001886
    0.512742   -0.001929
    0.488957   -0.001974
    0.464784   -0.002020
    0.440225   -0.002066
    0.415285   -0.002114
    0.389967   -0.002162
    0.364276   -0.002212
    0.338215   -0.002263
    0.311791   -0.002314
    0.285006   -0.002367
    0.257867   -0.002421
    0.230378   -0.002477
    0.202546   -0.002533
    0.174374   -0.002590
    0.145870   -0.002649
    0.117038   -0.002709
    0.087886   -0.002770
    0.058419   -0.002833
    0.028644   -0.002897
   -0.001432   -0.002962
   -0.031802   -0.003028
   -0.062460   -0.003096
   -0.093398   -0.003165
   -0.124609   -0.003235
   -0.156085   -0.003307
   -0.187818   -0.003380
   -0.219801   -0.003455
   -0.252024   -0.003531
   -0.284481   -0.003609
   -0.317161   -0.003688
   -0.350058   -0.003768
   -0.383161   -0.003850
   -0.416463   -0.003934
   -0.449953   -0.004019
   -0.483622   -0.004106
   -0.517462   -0.004194
   -0.551462   -0.004284
   -0.585613   -0.004376
   -0.619905   -0.004469
   -0.654328   -0.004564
   -0.688872   -0.004661
   -0.723526   -0.004759
   -0.758280   -0.004859
   -0.793124   -0.004961
   -0.828047   -0.005064
   -0.863039   -0.005170
   -0.898087   -0.005277
   -0.933182   -0.005385
   -0.968313   -0.005496
   -1.003467   -0.005609
   -1.038635   -0.005723
   -1.073805   -0.005839
   -1.108965   -0.005957
   -1.144103   -0.006077
   -1.179209   -0.006199
   -1.214271   -0.006322
   -1.249277   -0.006448
   -1.284215   -0.006576
   -1.319073   -0.006705
   -1.353841   -0.006836
   -1.388505   -0.006970
   -1.423054   -0.007105
   -1.457477   -0.007242
   -1.491760   -0.007381
   -1.525893   -0.007523
   -1.559863   -0.007666
   -1.593659   -0.007811
   -1.627268   -0.007958
   -1.660678   -0.008107
   -1.693878   -0.008258
   -1.726855   -0.008412
   -1.759598   -0.008567
   -1.792095   -0.008724
   -1.824335   -0.008883
   -1.856304   -0.009044
   -1.887992   -0.009207
   -1.919387   -0.009372
   -1.950477   -0.009539
   -1.981251   -0.009708
   -2.011697   -0.009879
   -2.041804   -0.010052
   -2.071561   -0.010227
   -2.100956   -0.010404
   -2.129979   -0.010583
   -2.158618   -0.010763
   -2.186862   -0.010946
   -2.214701   -0.011130
   -2.242123   -0.011317
   -2.269119   -0.011505
   -2.295679   -0.011695
   -2.321790   -0.011887
   -2.347445   -0.012080
   -2.372632   -0.012276
   -2.397342   -0.012473
   -2.421565   -0.012672
   -2.445291   -0.012872
   -2.468512   -0.013074
   -2.491218   -0.013278
   -2.513400   -0.013483
   -2.535049   -0.013690
   -2.556158   -0.013899
   -2.576716   -0.014109
   -2.596716   -0.014320
   -2.616151   -0.014533
   -2.635012   -0.014747
   -2.653291   -0.014963
   -2.670982   -0.015180
   -2.688076   -0.015398
   -2.704568   -0.015617
   -2.720450   -0.015837
   -2.735717   -0.016059
   -2.750361   -0.016281
   -2.764376   -0.016504
   -2.777758   -0.016729
   -2.790500   -0.016954
   -2.802596   -0.017180
   -2.814044   -0.017407
   -2.824836   -0.017634
   -2.834969   -0.017862
   -2.844439   -0.018091
   -2.853241   -0.018320
   -2.861372   -0.018549
   -2.868828   -0.018779
   -2.875606   -0.019008
   -2.881704   -0.019238
   -2.887118   -0.019469
   -2.891846   -0.019699
   -2.895886   -0.019929
   -2.899237   -0.020159
   -2.901895   -0.020388
   -2.903862   -0.020617
   -2.905134   -0.020846
   -2.905712   -0.021074
   -2.905595   -0.021302
   -2.904783   -0.021528
   -2.903275   -0.021754
   -2.901073   -0.021979
   -2.898178   -0.022203
   -2.894589   -0.022426
   -2.890308   -0.022647
   -2.885336   -0.022867
   -2.879676   -0.023086
   -2.873330   -0.023302
   -2.866298   -0.023518
   -2.858586   -0.023731
   -2.850194   -0.023942
   -2.841126   -0.024151
   -2.831386   -0.024358
   -2.820977   -0.024562
   -2.809903   -0.024764
   -2.798169   -0.024964
   -2.785778   -0.025160
   -2.772735   -0.025354
   -2.759045   -0.025545
   -2.744714   -0.025732
   -2.729747   -0.025916
   -2.714149   -0.026097
   -2.697926   -0.026274
   -2.681085   -0.026447
   -2.663632   -0.026616
   -2.645573   -0.026781
   -2.626915   -0.026942
   -2.607666   -0.027099
   -2.587832   -0.027251
   -2.567421   -0.027398
   -2.546441   -0.027540
   -2.524900   -0.027678
   -2.502805   -0.027810
   -2.480165   -0.027936
   -2.456988   -0.028058
   -2.433284   -0.028173
   -2.409060   -0.028283
   -2.384326   -0.028386
   -2.359091   -0.028484
   -2.333365   -0.028575
   -2.307157   -0.028659
   -2.280476   -0.028737
   -2.253333   -0.028808
   -2.225737   -0.028871
   -2.197698   -0.028928
   -2.169228   -0.028977
   -2.140335   -0.029018
   -2.111031   -0.029051
   -2.081326   -0.029077
   -2.051231   -0.029094
   -2.020756   -0.029103
   -1.989913   -0.029103
   -1.958713   -0.029095
   -1.927166   -0.029078
   -1.895285   -0.029051
   -1.863079   -0.029015
   -1.830561   -0.028970
   -1.797742   -0.028915
   -1.764633   -0.028850
   -1.731247   -0.028775
   -1.697593   -0.028690
   -1.663685   -0.028595
   -1.629533   -0.028489
   -1.595149   -0.028372
   -1.560546   -0.028244
   -1.525734   -0.028105
   -1.490725   -0.027954
   -1.455532   -0.027792
   -1.420166   -0.027619
   -1.384638   -0.027433
   -1.348960   -0.027235
   -1.313145   -0.027026
   -1.277203   -0.026803
   -1.241146   -0.026568
   -1.204986   -0.026321
   -1.168735   -0.026060
   -1.132403   -0.025786
   -1.096004   -0.025499
   -1.059547   -0.025199
   -1.023044   -0.024884
   -0.986507   -0.024556
   -0.949946   -0.024214
   -0.913374   -0.023858
   -0.876800   -0.023488
   -0.840237   -0.023103
   -0.803695   -0.022704
   -0.767184   -0.022290
   -0.730716   -0.021861
   -0.694300   -0.021417
   -0.657949   -0.020958
   -0.621671   -0.020484
   -0.585477   -0.019994
   -0.549378   -0.019489
   -0.513384   -0.018967
   -0.477504   -0.018431
   -0.441748   -0.017878
   -0.406125   -0.017309
   -0.370646   -0.016724
   -0.335320   -0.016123
   -0.300156   -0.015505
   -0.265162   -0.014871
   -0.230349   -0.014221
   -0.195724   -0.013553
   -0.161297   -0.012869
   -0.127075   -0.012169
   -0.093067   -0.011451
   -0.059282   -0.010716
   -0.025727   -0.009965
    0.007590   -0.009196
    0.040661   -0.008410
    0.073479   -0.007607
    0.106037   -0.006787
    0.138327   -0.005950
    0.170343   -0.005095
    0.202077   -0.004223
    0.233524   -0.003334
    0.264676   -0.002427
    0.295527   -0.001503
    0.326073   -0.000562
    0.356305    0.000397
    0.386220    0.001373
    0.415811    0.002367
    0.445073    0.003377
    0.474001    0.004405
    0.502591    0.005450
    0.530836    0.006512
    0.558733    0.007592
    0.586278    0.008688
    0.613466    0.009801
    0.640293    0.010932
    0.666755    0.012079
    0.692849    0.013242
    0.718572    0.014423
    0.743919    0.015619
    0.768888    0.016832
    0.793477    0.018062
    0.817681    0.019307
    0.841499    0.020569
    0.864929    0.021846
    0.887968    0.023139
    0.910614    0.024448
    0.932865    0.025772
    0.954720    0.027111
    0.976177    0.028465
    0.997235    0.029834
    1.017892    0.031217
    1.038148    0.032615
    1.058003    0.034026
    1.077454    0.035452
    1.096502    0.036891
    1.115146    0.038344
    1.133386    0.039810
    1.151222    0.041288
    1.168655    0.042780
    1.185684    0.044283
    1.202310    0.045799
    1.218533    0.047326
    1.234354    0.048864
    1.249774    0.050414
    1.264794    0.051974
    1.279415    0.053545
    1.293638    0.055126
    1.307464    0.056716
    1.320896    0.058316
    1.333934    0.059925
    1.346580    0.061542
    1.358837    0.063167
    1.370705    0.064801
    1.382188    0.066441
    1.393287    0.068089
    1.404004    0.069742
    1.414342    0.071402
    1.424304    0.073068
    1.433892    0.074739
    1.443108    0.076415
    1.451956    0.078094
    1.460437    0.079778
    1.468556    0.081465
    1.476315    0.083154
    1.483717    0.084846
    1.490765    0.086540
    1.497463    0.088235
    1.503814    0.089931
    1.509820    0.091627
    1.515487    0.093323
    1.520816    0.095017
    1.525812    0.096711
    1.530478    0.098402
    1.534818    0.100091
    1.538835    0.101777
    1.542533    0.103459
    1.545917    0.105137
    1.548989    0.106810
    1.551754    0.108477
    1.554215    0.110139
    1.556377    0.111794
    1.558243    0.113441
    1.559818    0.115081
    1.561104    0.116712
    1.562107    0.118334
    1.562831    0.119947
    1.563279    0.121548
    1.563455    0.123139
    1.563364    0.124718
    1.563010    0.126285
    1.562396    0.127839
    1.561527    0.129379
    1.560407    0.130905
    1.559040    0.132416
    1.557430    0.133911
    1.555581    0.135390
    1.553498    0.136852
    1.551183    0.138296
    1.548642    0.139722
    1.545879    0.141130
    1.542897    0.142517
    1.539701    0.143884
    1.536294    0.145230
    1.532680    0.146554
    1.528864    0.147857
    1.524849    0.149136
    1.520640    0.150391
    1.516240    0.151622
    1.511653    0.152827
    1.506882    0.154008
    1.501933    0.155161
    1.496808    0.156288
    1.491511    0.157387
    1.486046    0.158457
    1.480416    0.159499
    1.474626    0.160510
    1.468679    0.161492
    1.462578    0.162442
    1.456327    0.163360
    1.449929    0.164247
    1.443389    0.165100
    1.436708    0.165920
    1.429891    0.166705
    1.422942    0.167456
    1.415862    0.168171
    1.408656    0.168850
    1.401327    0.169492
    1.393877    0.170097
    1.386310    0.170665
    1.378630    0.171193
    1.370838    0.171683
    1.362939    0.172133
    1.354934    0.172543
    1.346827    0.172913
    1.338621    0.173241
    1.330319    0.173527
    1.321922    0.173771
    1.313434    0.173973
    1.304858    0.174131
    1.296196    0.174245
    1.287451    0.174315
    1.278624    0.174340
    1.269720    0.174320
    1.260739    0.174254
    1.251685    0.174142
    1.242560    0.173984
    1.233365    0.173779
    1.224104    0.173526
    1.214778    0.173226
    1.205390    0.172878
    1.195942    0.172482
    1.186435    0.172036
    1.176872    0.171542
    1.167255    0.170998
    1.157585    0.170405
    1.147865    0.169761
    1.138096    0.169068
    1.128281    0.168323
    1.118420    0.167529
    1.108516    0.166683
    1.098571    0.165786
    1.088585    0.164838
    1.078561    0.163838
    1.068500    0.162787
    1.058404    0.161684
    1.048274    0.160529
    1.038112    0.159322
    1.027919    0.158063
    1.017696    0.156752
    1.007445    0.155389
    0.997168    0.153974
    0.986864    0.152506
    0.976537    0.150986
    0.966186    0.149414
    0.955814    0.147790
    0.945421    0.146114
    0.935009    0.144386
    0.924578    0.142606
    0.914130    0.140775
    0.903666    0.138891
    0.893186    0.136957
    0.882693    0.134971
    0.872186    0.132934
    0.861667    0.130847
    0.851137    0.128709
    0.840597    0.126520
    0.830047    0.124282
    0.819489    0.121994
    0.808924    0.119656
    0.798351    0.117270
    0.787773    0.114835
    0.777190    0.112351
    0.766602    0.109820
    0.756011    0.107242
    0.745417    0.104616
    0.734821    0.101944
    0.724225    0.099226
    0.713627    0.096462
    0.703030    0.093654
    0.692434    0.090801
    0.681840    0.087904
    0.671248    0.084964
    0.660660    0.081981
    0.650075    0.078956
    0.639495    0.075890
    0.628919    0.072783
    0.618350    0.069636
    0.607787    0.066450
    0.597231    0.063225
    0.586683    0.059962
    0.576143    0.056662
    0.565612    0.053326
    0.555091    0.049954
    0.544581    0.046548
    0.534081    0.043108
    0.523593    0.039634
    0.513117    0.036129
    0.502653    0.032592
    0.492204    0.029024
    0.481768    0.025428
    0.471347    0.021802
    0.460941    0.018149
    0.450552    0.014470
    0.440179    0.010765
    0.429823    0.007035
    0.419485    0.003281
    0.409165   -0.000495
    0.398865   -0.004293
    0.388585   -0.008111
    0.378325   -0.011949
    0.368086   -0.015805
    0.357869   -0.019679
    0.347674   -0.023569
    0.337503   -0.027474
    0.327355   -0.031393
    0.317232   -0.035324
    0.307134   -0.039268
    0.297061   -0.043222
    0.287016   -0.047186
    0.276997   -0.051157
    0.267007   -0.055136
    0.257045   -0.059121
    0.247112   -0.063110
    0.237210   -0.067103
    0.227339   -0.071099
    0.217499   -0.075095
    0.207691   -0.079091
    0.197917   -0.083086
    0.188176   -0.087078
    0.178470   -0.091066
    0.168799   -0.095049
    0.159165   -0.099026
    0.149567   -0.102995
    0.140007   -0.106955
    0.130486   -0.110906
    0.121003   -0.114845
    0.111561   -0.118771
    0.102160   -0.122684
    0.092801   -0.126581
    0.083484   -0.130463
    0.074210   -0.134326
    0.064980   -0.138171
    0.055796   -0.141996
    0.046657   -0.145799
    0.037565   -0.149580
    0.028521   -0.153338
    0.019525   -0.157070
    0.010578   -0.160776
    0.001681   -0.164455
   -0.007164   -0.168105
   -0.015958   -0.171725
   -0.024700   -0.175314
   -0.033388   -0.178871
   -0.042021   -0.182394
   -0.050599   -0.185883
   -0.059121   -0.189336
   -0.067586   -0.192753
   -0.075993   -0.196131
   -0.084342   -0.199470
   -0.092631   -0.202769
   -0.100859   -0.206027
   -0.109026   -0.209242
   -0.117131   -0.212414
   -0.125172   -0.215541
   -0.133150   -0.218622
   -0.141063   -0.221657
   -0.148910   -0.224644
   -0.156690   -0.227582
   -0.164404   -0.230471
   -0.172049   -0.233309
   -0.179624   -0.236095
   -0.187130   -0.238829
   -0.194565   -0.241510
   -0.201929   -0.244136
   -0.209220   -0.246706
   -0.216438   -0.249221
   -0.223581   -0.251679
   -0.230650   -0.254079
   -0.237643   -0.256420
   -0.244559   -0.258703
   -0.251398   -0.260925
   -0.258159   -0.263086
   -0.264842   -0.265185
   -0.271444   -0.267223
   -0.277966   -0.269197
   -0.284407   -0.271108
   -0.290766   -0.272955
   -0.297043   -0.274737
   -0.303236   -0.276453
   -0.309345   -0.278104
   -0.315370   -0.279688
   -0.321309   -0.281206
   -0.327162   -0.282656
   -0.332928   -0.284037
   -0.338607   -0.285351
   -0.344198   -0.286596
   -0.349701   -0.287772
   -0.355114   -0.288879
   -0.360437   -0.289915
   -0.365670   -0.290882
   -0.370812   -0.291778
   -0.375862   -0.292604
   -0.380821   -0.293359
   -0.385686   -0.294043
   -0.390459   -0.294656
   -0.395138   -0.295198
   -0.399723   -0.295668
   -0.404214   -0.296067
   -0.408610   -0.296395
   -0.412910   -0.296650
   -0.417115   -0.296835
   -0.421224   -0.296948
   -0.425236   -0.296989
   -0.429151   -0.296959
   -0.432969   -0.296858
   -0.436689   -0.296685
   -0.440312   -0.296442
   -0.443837   -0.296128
   -0.447263   -0.295743
   -0.450591   -0.295288
   -0.453820   -0.294763
   -0.456950   -0.294169
   -0.459981   -0.293504
   -0.462912   -0.292771
   -0.465744   -0.291969
   -0.468477   -0.291099
   -0.471109   -0.290161
   -0.473642   -0.289155
   -0.476075   -0.288083
   -0.478408   -0.286944
   -0.480641   -0.285739
   -0.482775   -0.284469
   -0.484808   -0.283134
   -0.486741   -0.281735
   -0.488575   -0.280273
   -0.490308   -0.278747
   -0.491942   -0.277159
   -0.493477   -0.275510
   -0.494912   -0.273800
   -0.496248   -0.272029
   -0.497484   -0.270200
   -0.498622   -0.268311
   -0.499661   -0.266365
   -0.500601   -0.264362
   -0.501443   -0.262303
   -0.502188   -0.260189
   -0.502834   -0.258020
   -0.503383   -0.255797
   -0.503835   -0.253522
   -0.504191   -0.251196
   -0.504450   -0.248818
   -0.504613   -0.246391
   -0.504680   -0.243915
   -0.504652   -0.241392
   -0.504530   -0.238821
   -0.504313   -0.236205
   -0.504003   -0.233544
   -0.503599   -0.230839
   -0.503102   -0.228092
   -0.502513   -0.225303
   -0.501832   -0.222474
   -0.501060   -0.219605
   -0.500198   -0.216698
   -0.499245   -0.213754
   -0.498203   -0.210774
   -0.497072   -0.207759
   -0.495853   -0.204711
   -0.494546   -0.201630
   -0.493152   -0.198517
   -0.491673   -0.195374
   -0.490107   -0.192203
   -0.488457   -0.189003
   -0.486722   -0.185777
   -0.484905   -0.182525
   -0.483004   -0.179249
   -0.481022   -0.175950
   -0.478958   -0.172629
   -0.476814   -0.169287
   -0.474591   -0.165926
   -0.472289   -0.162546
   -0.469908   -0.159150
   -0.467451   -0.155737
   -0.464917   -0.152310
   -0.462308   -0.148869
   -0.459624   -0.145417
   -0.456866   -0.141953
   -0.454036   -0.138479
   -0.451133   -0.134997
   -0.448160   -0.131507
   -0.445116   -0.128011
   -0.442002   -0.124510
   -0.438820   -0.121004
   -0.435571   -0.117496
   -0.432255   -0.113987
   -0.428873   -0.110477
   -0.425426   -0.106968
   -0.421916   -0.103460
   -0.418343   -0.099956
   -0.414707   -0.096456
   -0.411011   -0.092960
   -0.407255   -0.089472
   -0.403439   -0.085990
   -0.399565   -0.082517
   -0.395635   -0.079054
   -0.391647   -0.075601
   -0.387605   -0.072160
   -0.383508   -0.068731
   -0.379358   -0.065316
   -0.375156   -0.061916
   -0.370902   -0.058532
   -0.366598   -0.055164
   -0.362244   -0.051813
   -0.357842   -0.048482
   -0.353392   -0.045169
   -0.348896   -0.041877
   -0.344354   -0.038607
   -0.339768   -0.035358
   -0.335138   -0.032133
   -0.330465   -0.028931
   -0.325751   -0.025754
   -0.320996   -0.022603
   -0.316201   -0.019478
   -0.311368   -0.016380
   -0.306496   -0.013309
   -0.301588   -0.010267
   -0.296644   -0.007255
   -0.291664   -0.004272
   -0.286651   -0.001320
   -0.281605    0.001601
   -0.276526    0.004490
   -0.271416    0.007346
   -0.266276    0.010169
   -0.261106    0.012959
   -0.255908    0.015714
   -0.250683    0.018435
   -0.245431    0.021120
   -0.240153    0.023770
   -0.234850    0.026383
   -0.229523    0.028960
   -0.224173    0.031500
   -0.218801    0.034002
   -0.213408    0.036466
   -0.207994    0.038892
   -0.202561    0.041280
   -0.197109    0.043629
   -0.191639    0.045938
   -0.186153    0.048208
   -0.180650    0.050438
   -0.175131    0.052629
   -0.169598    0.054779
   -0.164052    0.056889
   -0.158493    0.058958
   -0.152921    0.060987
   -0.147339    0.062975
   -0.141745    0.064922
   -0.136143    0.066828
   -0.130531    0.068693
   -0.124911    0.070517
   -0.119285    0.072300
   -0.113651    0.074041
   -0.108012    0.075742
   -0.102367    0.077402
   -0.096719    0.079020
   -0.091067    0.080598
   -0.085412    0.082135
   -0.079755    0.083631
   -0.074096    0.085087
   -0.068437    0.086503
   -0.062778    0.087878
   -0.057120    0.089213
   -0.051463    0.090508
   -0.045809    0.091764
   -0.040157    0.092980
   -0.034509    0.094157
   -0.028866    0.095296
   -0.023227    0.096395
   -0.017593    0.097457
   -0.011966    0.098481
   -0.006346    0.099467
   -0.000734    0.100416
    0.004871    0.101328
    0.010466    0.102204
    0.016052    0.103043
    0.021628    0.103847
    0.027193    0.104616
    0.032747    0.105350
    0.038289    0.106050
    0.043818    0.106716
    0.049334    0.107349
    0.054836    0.107948
    0.060323    0.108515
    0.065796    0.109051
    0.071253    0.109555
    0.076693    0.110028
    0.082117    0.110471
    0.087523    0.110885
    0.092911    0.111269
    0.098281    0.111624
    0.103631    0.111952
    0.108961    0.112252
    0.114272    0.112526
    0.119561    0.112773
    0.124828    0.112994
    0.130074    0.113191
    0.135297    0.113363
    0.140496    0.113511
    0.145672    0.113636
    0.150823    0.113739
    0.155950    0.113820
    0.161051    0.113879
    0.166125    0.113918
    0.171174    0.113937
    0.176195    0.113937
    0.181188    0.113918
    0.186153    0.113881
    0.191089    0.113827
    0.195995    0.113756
    0.200872    0.113670
    0.205718    0.113567
    0.210533    0.113451
    0.215316    0.113320
    0.220067    0.113175
    0.224785    0.113018
    0.229470    0.112849
    0.234121    0.112669
    0.238738    0.112477
    0.243319    0.112276
    0.247865    0.112065
    0.252375    0.111845
    0.256849    0.111617
    0.261285    0.111382
    0.265683    0.111139
    0.270043    0.110890
    0.274364    0.110636
    0.278646    0.110376
    0.282888    0.110112
    0.287089    0.109844
    0.291249    0.109572
    0.295368    0.109298
    0.299444    0.109022
    0.303478    0.108744
    0.307468    0.108465
    0.311415    0.108185
    0.315317    0.107906
    0.319174    0.107628
    0.322986    0.107350
    0.326752    0.107074
    0.330471    0.106801
    0.334143    0.106530
    0.337767    0.106262
    0.341343    0.105998
    0.344871    0.105738
    0.348349    0.105482
    0.351777    0.105232
    0.355155    0.104987
    0.358482    0.104749
    0.361758    0.104516
    0.364981    0.104290
    0.368152    0.104072
    0.371270    0.103861
    0.374335    0.103657
    0.377345    0.103463
    0.380301    0.103276
    0.383202    0.103099
    0.386047    0.102931
    0.388836    0.102773
    0.391568    0.102624
    0.394243    0.102486
    0.396860    0.102358
    0.399420    0.102241
    0.401920    0.102135
    0.404362    0.102040
    0.406743    0.101956
    0.409065    0.101884
    0.411326    0.101824
    0.413526    0.101776
    0.415664    0.101740
    0.417741    0.101717
    0.419755    0.101706
    0.421706    0.101707
    0.423594    0.101722
    0.425418    0.101749
    0.427178    0.101789
    0.428873    0.101842
    0.430503    0.101909
    0.432068    0.101988
    0.433567    0.102081
    0.434999    0.102186
    0.436365    0.102305
    0.437664    0.102438
    0.438896    0.102583
    0.440060    0.102742
    0.441156    0.102913
    0.442183    0.103098
    0.443142    0.103296
    0.444031    0.103507
    0.444851    0.103731
    0.445602    0.103967
    0.446282    0.104216
    0.446892    0.104478
    0.447432    0.104752
    0.447901    0.105038
    0.448298    0.105336
    0.448625    0.105646
    0.448880    0.105968
    0.449063    0.106302
    0.449174    0.106647
    0.449213    0.107002
    0.449179    0.107369
    0.449073    0.107747
    0.448894    0.108135
    0.448643    0.108533
    0.448318    0.108941
    0.447921    0.109358
    0.447450    0.109785
    0.446906    0.110221
    0.446288    0.110666
    0.445597    0.111119
    0.444833    0.111580
    0.443995    0.112049
    0.443083    0.112525
    0.442098    0.113009
    0.441040    0.113499
    0.439907    0.113996
    0.438701    0.114499
    0.437422    0.115007
    0.436069    0.115521
    0.434643    0.116039
    0.433144    0.116562
    0.431571    0.117089
    0.429925    0.117620
    0.428207    0.118154
    0.426415    0.118691
    0.424551    0.119231
    0.422615    0.119772
    0.420606    0.120315
    0.418526    0.120860
    0.416373    0.121405
    0.414149    0.121950
    0.411854    0.122495
    0.409487    0.123040
    0.407050    0.123583
    0.404542    0.124125
    0.401964    0.124666
    0.399317    0.125203
    0.396600    0.125738
    0.393814    0.126270
    0.390959    0.126798
    0.388035    0.127322
    0.385044    0.127841
    0.381986    0.128355
    0.378860    0.128863
    0.375668    0.129366
    0.372409    0.129862
    0.369085    0.130351
    0.365696    0.130832
    0.362242    0.131306
    0.358724    0.131771
    0.355143    0.132228
    0.351498    0.132675
    0.347791    0.133113
    0.344022    0.133541
    0.340192    0.133958
    0.336302    0.134364
    0.332351    0.134759
    0.328341    0.135142
    0.324272    0.135512
    0.320146    0.135870
    0.315962    0.136215
    0.311721    0.136547
    0.307424    0.136864
    0.303072    0.137168
    0.298666    0.137456
    0.294206    0.137729
    0.289692    0.137987
    0.285127    0.138229
    0.280510    0.138455
    0.275843    0.138664
    0.271126    0.138856
    0.266359    0.139031
    0.261545    0.139188
    0.256683    0.139327
    0.251775    0.139448
    0.246821    0.139550
    0.241822    0.139633
    0.236780    0.139697
    0.231694    0.139741
    0.226566    0.139766
    0.221397    0.139770
    0.216188    0.139753
    0.210940    0.139716
    0.205653    0.139658
    0.200328    0.139579
    0.194967    0.139478
    0.189571    0.139355
    0.184139    0.139211
    0.178674    0.139044
    0.173177    0.138855
    0.167648    0.138643
    0.162088    0.138409
    0.156498    0.138151
    0.150880    0.137871
    0.145234    0.137567
    0.139562    0.137240
    0.133864    0.136889
    0.128141    0.136515
    0.122394    0.136116
    0.116625    0.135694
    0.110835    0.135248
    0.105024    0.134778
    0.099194    0.134283
    0.093345    0.133764
    0.087479    0.133221
    0.081596    0.132654
    0.075699    0.132062
    0.069787    0.131446
    0.063862    0.130805
    0.057925    0.130140
    0.051977    0.129450
    0.046019    0.128736
    0.040052    0.127997
    0.034077    0.127234
    0.028096    0.126447
    0.022109    0.125635
    0.016117    0.124799
    0.010122    0.123939
    0.004124    0.123055
   -0.001875    0.122147
   -0.007875    0.121214
   -0.013873    0.120259
   -0.019871    0.119279
   -0.025865    0.118276
   -0.031855    0.117249
   -0.037841    0.116199
   -0.043821    0.115126
   -0.049794    0.114031
   -0.055758    0.112912
   -0.061714    0.111771
   -0.067659    0.110607
   -0.073594    0.109421
   -0.079516    0.108213
   -0.085425    0.106984
   -0.091320    0.105733
   -0.097199    0.104460
   -0.103063    0.103167
   -0.108909    0.101852
   -0.114737    0.100517
   -0.120546    0.099162
   -0.126334    0.097787
   -0.132102    0.096392
   -0.137847    0.094977
   -0.143569    0.093544
   -0.149267    0.092091
   -0.154940    0.090620
   -0.160587    0.089131
   -0.166207    0.087623
   -0.171799    0.086098
   -0.177362    0.084556
   -0.182896    0.082997
   -0.188398    0.081421
   -0.193870    0.079829
   -0.199308    0.078221
   -0.204714    0.076598
   -0.210085    0.074959
   -0.215421    0.073306
   -0.220721    0.071638
   -0.225984    0.069956
   -0.231210    0.068261
   -0.236397    0.066552
   -0.241544    0.064830
   -0.246651    0.063096
   -0.251718    0.061349
   -0.256742    0.059591
   -0.261724    0.057822
   -0.266662    0.056041
   -0.271556    0.054250
   -0.276405    0.052450
   -0.281208    0.050639
   -0.285965    0.048819
   -0.290674    0.046990
   -0.295336    0.045153
   -0.299948    0.043308
   -0.304512    0.041455
   -0.309025    0.039596
   -0.313487    0.037729
   -0.317897    0.035856
   -0.322256    0.033977
   -0.326562    0.032093
   -0.330814    0.030204
   -0.335011    0.028310
   -0.339154    0.026412
   -0.343242    0.024510
   -0.347274    0.022605
   -0.351248    0.020697
   -0.355166    0.018787
   -0.359026    0.016875
   -0.362827    0.014961
   -0.366570    0.013045
   -0.370252    0.011129
   -0.373875    0.009213
   -0.377437    0.007297
   -0.380939    0.005381
   -0.384378    0.003466
   -0.387755    0.001553
   -0.391070   -0.000359
   -0.394322   -0.002268
   -0.397510   -0.004175
   -0.400634   -0.006079
   -0.403694   -0.007980
   -0.406689   -0.009877
   -0.409619   -0.011770
   -0.412483   -0.013658
   -0.415281   -0.015541
   -0.418012   -0.017419
   -0.420677   -0.019291
   -0.423274   -0.021157
   -0.425804   -0.023017
   -0.428266   -0.024869
   -0.430660   -0.026715
   -0.432986   -0.028553
   -0.435242   -0.030383
   -0.437430   -0.032204
   -0.439548   -0.034017
   -0.441597   -0.035821
   -0.443575   -0.037616
   -0.445484   -0.039401
   -0.447322   -0.041176
   -0.449089   -0.042940
   -0.450786   -0.044694
   -0.452412   -0.046437
   -0.453967   -0.048168
   -0.455450   -0.049888
   -0.456862   -0.051596
   -0.458202   -0.053292
   -0.459470   -0.054975
   -0.460667   -0.056645
   -0.461791   -0.058302
   -0.462843   -0.059946
   -0.463824   -0.061576
   -0.464731   -0.063192
   -0.465567   -0.064794
   -0.466330   -0.066381
   -0.467021   -0.067954
   -0.467639   -0.069512
   -0.468185   -0.071054
   -0.468659   -0.072581
   -0.469059   -0.074092
   -0.469388   -0.075587
   -0.469644   -0.077067
   -0.469828   -0.078529
   -0.469939   -0.079976
   -0.469979   -0.081405
   -0.469946   -0.082817
   -0.469841   -0.084213
   -0.469664   -0.085590
   -0.469416   -0.086951
   -0.469095   -0.088293
   -0.468704   -0.089618
   -0.468241   -0.090925
   -0.467706   -0.092213
   -0.467101   -0.093483
   -0.466425   -0.094734
   -0.465678   -0.095967
   -0.464861   -0.097181
   -0.463974   -0.098376
   -0.463016   -0.099552
   -0.461990   -0.100708
   -0.460893   -0.101846
   -0.459728   -0.102964
   -0.458494   -0.104062
   -0.457191   -0.105141
   -0.455820   -0.106200
   -0.454381   -0.107239
   -0.452875   -0.108258
   -0.451301   -0.109257
   -0.449661   -0.110237
   -0.447954   -0.111196
   -0.446181   -0.112135
   -0.444342   -0.113053
   -0.442438   -0.113952
   -0.440469   -0.114830
   -0.438436   -0.115687
   -0.436339   -0.116524
   -0.434178   -0.117341
   -0.431954   -0.118137
   -0.429668   -0.118913
   -0.427319   -0.119668
   -0.424909   -0.120403
   -0.422438   -0.121117
   -0.419906   -0.121810
   -0.417314   -0.122483
   -0.414662   -0.123136
   -0.411952   -0.123768
   -0.409183   -0.124379
   -0.406356   -0.124970
   -0.403472   -0.125540
   -0.400531   -0.126090
   -0.397534   -0.126619
   -0.394482   -0.127129
   -0.391374   -0.127617
   -0.388213   -0.128086
   -0.384997   -0.128534
   -0.381729   -0.128962
   -0.378409   -0.129369
   -0.375036   -0.129757
   -0.371613   -0.130125
   -0.368139   -0.130472
   -0.364616   -0.130800
   -0.361044   -0.131108
   -0.357424   -0.131397
   -0.353756   -0.131665
   -0.350041   -0.131914
   -0.346280   -0.132144
   -0.342473   -0.132354
   -0.338622   -0.132545
   -0.334728   -0.132717
   -0.330790   -0.132869
   -0.326809   -0.133003
   -0.322787   -0.133118
   -0.318724   -0.133214
   -0.314621   -0.133291
   -0.310479   -0.133350
   -0.306298   -0.133391
   -0.302080   -0.133413
   -0.297825   -0.133417
   -0.293533   -0.133403
   -0.289206   -0.133371
   -0.284845   -0.133322
   -0.280450   -0.133255
   -0.276022   -0.133170
   -0.271562   -0.133068
   -0.267071   -0.132949
   -0.262550   -0.132813
   -0.257999   -0.132660
   -0.253419   -0.132490
   -0.248812   -0.132303
   -0.244177   -0.132101
   -0.239516   -0.131882
   -0.234830   -0.131646
   -0.230120   -0.131395
   -0.225385   -0.131128
   -0.220628   -0.130846
   -0.215850   -0.130548
   -0.211050   -0.130235
   -0.206230   -0.129906
   -0.201390   -0.129563
   -0.196532   -0.129205
   -0.191657   -0.128832
   -0.186764   -0.128445
   -0.181856   -0.128043
   -0.176933   -0.127628
   -0.171995   -0.127199
   -0.167044   -0.126756
   -0.162081   -0.126299
   -0.157106   -0.125829
   -0.152120   -0.125346
   -0.147124   -0.124850
   -0.142119   -0.124341
   -0.137106   -0.123820
   -0.132086   -0.123286
   -0.127059   -0.122740
   -0.122026   -0.122182
   -0.116989   -0.121612
   -0.111947   -0.121030
   -0.106903   -0.120437
   -0.101856   -0.119833
   -0.096807   -0.119218
   -0.091758   -0.118591
   -0.086708   -0.117954
   -0.081660   -0.117307
   -0.076613   -0.116649
   -0.071569   -0.115981
   -0.066529   -0.115302
   -0.061492   -0.114615
   -0.056460   -0.113917
   -0.051434   -0.113211
   -0.046415   -0.112495
   -0.041402   -0.111770
   -0.036398   -0.111036
   -0.031403   -0.110294
   -0.026417   -0.109543
   -0.021441   -0.108784
   -0.016477   -0.108017
   -0.011524   -0.107242
   -0.006584   -0.106459
   -0.001657   -0.105669
    0.003255   -0.104872
    0.008153   -0.104067
    0.013036   -0.103255
    0.017903   -0.102437
    0.022752   -0.101612
    0.027585   -0.100781
    0.032398   -0.099943
    0.037194   -0.099100
    0.041969   -0.098250
    0.046724   -0.097395
    0.051459   -0.096534
    0.056172   -0.095668
    0.060862   -0.094797
    0.065530   -0.093921
    0.070175   -0.093040
    0.074795   -0.092154
    0.079391   -0.091263
    0.083961   -0.090369
    0.088506   -0.089470
    0.093024   -0.088567
    0.097515   -0.087660
    0.101979   -0.086750
    0.106414   -0.085836
    0.110820   -0.084918
    0.115198   -0.083998
    0.119545   -0.083074
    0.123862   -0.082147
    0.128148   -0.081218
    0.132403   -0.080285
    0.136626   -0.079351
    0.140817   -0.078414
    0.144974   -0.077474
    0.149098   -0.076533
    0.153188   -0.075590
    0.157244   -0.074644
    0.161265   -0.073697
    0.165251   -0.072749
    0.169201   -0.071799
    0.173114   -0.070848
    0.176992   -0.069895
    0.180832   -0.068942
    0.184634   -0.067987
    0.188399   -0.067032
    0.192125   -0.066076
    0.195813   -0.065119
    0.199462   -0.064162
    0.203071   -0.063204
    0.206640   -0.062246
    0.210170   -0.061288
    0.213658   -0.060330
    0.217106   -0.059372
    0.220512   -0.058413
    0.223877   -0.057455
    0.227200   -0.056498
    0.230481   -0.055540
    0.233719   -0.054584
    0.236914   -0.053627
    0.240066   -0.052672
    0.243174   -0.051717
    0.246239   -0.050762
    0.249260   -0.049809
    0.252236   -0.048857
    0.255168   -0.047905
    0.258055   -0.046955
    0.260896   -0.046006
    0.263693   -0.045058
    0.266443   -0.044111
    0.269148   -0.043166
    0.271807   -0.042222
    0.274419   -0.041280
    0.276985   -0.040339
    0.279504   -0.039399
    0.281977   -0.038462
    0.284402   -0.037526
    0.286779   -0.036591
    0.289109   -0.035659
    0.291392   -0.034728
    0.293626   -0.033799
    0.295813   -0.032872
    0.297951   -0.031947
    0.300041   -0.031023
    0.302082   -0.030102
    0.304075   -0.029183
    0.306018   -0.028266
    0.307913   -0.027351
    0.309759   -0.026439
    0.311555   -0.025528
    0.313302   -0.024620
    0.315000   -0.023713
    0.316648   -0.022809
    0.318246   -0.021908
    0.319795   -0.021008
    0.321294   -0.020111
    0.322743   -0.019217
    0.324142   -0.018324
    0.325490   -0.017434
    0.326789   -0.016547
    0.328037   -0.015662
    0.329236   -0.014779
    0.330383   -0.013899
    0.331481   -0.013021
    0.332528   -0.012145
    0.333524   -0.011273
    0.334471   -0.010402
    0.335366   -0.009534
    0.336211   -0.008669
    0.337006   -0.007806
    0.337750   -0.006946
    0.338443   -0.006088
    0.339086   -0.005233
    0.339679   -0.004380
    0.340221   -0.003530
    0.340712   -0.002683
    0.341153   -0.001838
    0.341544   -0.000996
    0.341884   -0.000156
    0.342174    0.000681
    0.342413    0.001515
    0.342602    0.002347
    0.342742    0.003176
    0.342831    0.004003
    0.342869    0.004826
    0.342858    0.005648
    0.342798    0.006466
    0.342687    0.007282
    0.342527    0.008095
    0.342317    0.008905
    0.342057    0.009712
    0.341749    0.010517
    0.341391    0.011319
    0.340983    0.012118
    0.340527    0.012915
    0.340022    0.013708
    0.339469    0.014499
    0.338867    0.015287
    0.338216    0.016072
    0.337517    0.016855
    0.336771    0.017634
    0.335976    0.018410
    0.335134    0.019184
    0.334244    0.019954
    0.333307    0.020722
    0.332323    0.021486
    0.331292    0.022247
    0.330214    0.023006
    0.329090    0.023761
    0.327920    0.024513
    0.326703    0.025262
    0.325442    0.026008
    0.324134    0.026750
    0.322782    0.027489
    0.321384    0.028225
    0.319942    0.028958
    0.318455    0.029687
    0.316925    0.030413
    0.315350    0.031135
    0.313732    0.031854
    0.312071    0.032569
    0.310367    0.033281
    0.308620    0.033989
    0.306832    0.034693
    0.305001    0.035394
    0.303129    0.036090
    0.301215    0.036783
    0.299261    0.037472
    0.297266    0.038157
    0.295231    0.038838
    0.293157    0.039515
    0.291043    0.040188
    0.288890    0.040856
    0.286698    0.041520
    0.284469    0.042180
    0.282201    0.042836
    0.279897    0.043487
    0.277555    0.044133
    0.275177    0.044775
    0.272763    0.045412
    0.270313    0.046044
    0.267828    0.046672
    0.265309    0.047295
    0.262755    0.047912
    0.260168    0.048525
    0.257547    0.049132
    0.254893    0.049734
    0.252207    0.050331
    0.249490    0.050922
    0.246741    0.051508
    0.243961    0.052088
    0.241151    0.052663
    0.238312    0.053232
    0.235443    0.053795
    0.232545    0.054352
    0.229619    0.054903
    0.226666    0.055448
    0.223685    0.055986
    0.220678    0.056519
    0.217645    0.057045
    0.214587    0.057564
    0.211504    0.058077
    0.208397    0.058583
    0.205266    0.059082
    0.202112    0.059575
    0.198935    0.060060
    0.195736    0.060539
    0.192517    0.061010
    0.189276    0.061474
    0.186016    0.061930
    0.182735    0.062379
    0.179437    0.062820
    0.176119    0.063254
    0.172784    0.063680
    0.169433    0.064098
    0.166064    0.064508
    0.162680    0.064909
    0.159281    0.065303
    0.155868    0.065688
    0.152440    0.066065
    0.149000    0.066433
    0.145547    0.066793
    0.142081    0.067144
    0.138605    0.067486
    0.135118    0.067819
    0.131621    0.068143
    0.128115    0.068458
    0.124600    0.068764
    0.121077    0.069060
    0.117547    0.069347
    0.114010    0.069625
    0.110467    0.069893
    0.106919    0.070151
    0.103366    0.070399
    0.099809    0.070637
    0.096248    0.070866
    0.092685    0.071084
    0.089120    0.071292
    0.085553    0.071490
    0.081986    0.071678
    0.078419    0.071855
    0.074852    0.072022
    0.071286    0.072178
    0.067722    0.072323
    0.064161    0.072457
    0.060603    0.072581
    0.057049    0.072694
    0.053499    0.072796
    0.049955    0.072886
    0.046416    0.072966
    0.042883    0.073034
    0.039358    0.073091
    0.035840    0.073137
    0.032331    0.073171
    0.028831    0.073194
    0.025340    0.073205
    0.021859    0.073205
    0.018389    0.073193
    0.014931    0.073170
    0.011484    0.073134
    0.008051    0.073087
    0.004630    0.073028
    0.001224    0.072957
   -0.002169    0.072874
   -0.005546    0.072780
   -0.008907    0.072673
   -0.012253    0.072554
   -0.015582    0.072424
   -0.018893    0.072281
   -0.022186    0.072126
   -0.025461    0.071959
   -0.028717    0.071779
   -0.031954    0.071588
   -0.035170    0.071384
   -0.038366    0.071169
   -0.041541    0.070941
   -0.044694    0.070700
   -0.047824    0.070448
   -0.050932    0.070184
   -0.054017    0.069907
   -0.057079    0.069618
   -0.060116    0.069317
   -0.063128    0.069004
   -0.066116    0.068678
   -0.069078    0.068341
   -0.072013    0.067991
   -0.074923    0.067630
   -0.077805    0.067256
   -0.080660    0.066871
   -0.083488    0.066473
   -0.086287    0.066064
   -0.089057    0.065642
   -0.091799    0.065209
   -0.094511    0.064764
   -0.097193    0.064307
   -0.099845    0.063839
   -0.102467    0.063359
   -0.105057    0.062868
   -0.107617    0.062365
   -0.110145    0.061850
   -0.112641    0.061325
   -0.115104    0.060788
   -0.117536    0.060240
   -0.119934    0.059681
   -0.122299    0.059110
   -0.124630    0.058529
   -0.126928    0.057938
   -0.129192    0.057335
   -0.131422    0.056722
   -0.133617    0.056098
   -0.135777    0.055464
   -0.137902    0.054820
   -0.139992    0.054165
   -0.142046    0.053501
   -0.144065    0.052826
   -0.146048    0.052142
   -0.147995    0.051448
   -0.149905    0.050744
   -0.151779    0.050031
   -0.153616    0.049309
   -0.155417    0.048577
   -0.157181    0.047837
   -0.158907    0.047087
   -0.160597    0.046329
   -0.162249    0.045563
   -0.163864    0.044788
   -0.165441    0.044005
   -0.166980    0.043213
   -0.168482    0.042414
   -0.169946    0.041607
   -0.171373    0.040792
   -0.172761    0.039970
   -0.174111    0.039141
   -0.175424    0.038304
   -0.176698    0.037461
   -0.177934    0.036611
   -0.179132    0.035754
   -0.180292    0.034891
   -0.181414    0.034022
   -0.182498    0.033147
   -0.183544    0.032266
   -0.184552    0.031380
   -0.185522    0.030488
   -0.186454    0.029591
   -0.187348    0.028689
   -0.188204    0.027782
   -0.189022    0.026871
   -0.189802    0.025955
   -0.190545    0.025035
   -0.191251    0.024111
   -0.191918    0.023183
   -0.192549    0.022252
   -0.193142    0.021317
   -0.193698    0.020380
   -0.194217    0.019439
   -0.194700    0.018496
   -0.195145    0.017550
   -0.195554    0.016602
   -0.195927    0.015652
   -0.196263    0.014700
   -0.196563    0.013747
   -0.196827    0.012792
   -0.197055    0.011837
   -0.197248    0.010880
   -0.197406    0.009922
   -0.197528    0.008965
   -0.197615    0.008007
   -0.197667    0.007049
   -0.197685    0.006091
   -0.197669    0.005134
   -0.197618    0.004177
   -0.197534    0.003221
   -0.197416    0.002267
   -0.197264    0.001314
   -0.197079    0.000362
   -0.196862   -0.000587
   -0.196612   -0.001535
   -0.196329   -0.002480
   -0.196014   -0.003423
   -0.195667   -0.004363
   -0.195289   -0.005300
   -0.194880   -0.006233
   -0.194439   -0.007163
   -0.193968   -0.008090
   -0.193466   -0.009013
   -0.192934   -0.009931
   -0.192373   -0.010845
   -0.191782   -0.011755
   -0.191161   -0.012660
   -0.190512   -0.013559
   -0.189834   -0.014454
   -0.189128   -0.015343
   -0.188394   -0.016226
   -0.187632   -0.017104
   -0.186843   -0.017975
   -0.186027   -0.018840
   -0.185184   -0.019699
   -0.184315   -0.020551
   -0.183420   -0.021396
   -0.182499   -0.022234
   -0.181554   -0.023064
   -0.180583   -0.023887
   -0.179587   -0.024702
   -0.178568   -0.025509
   -0.177524   -0.026309
   -0.176457   -0.027099
   -0.175366   -0.027882
   -0.174253   -0.028655
   -0.173117   -0.029420
   -0.171960   -0.030176
   -0.170780   -0.030922
   -0.169579   -0.031659
   -0.168357   -0.032386
   -0.167114   -0.033104
   -0.165851   -0.033812
   -0.164568   -0.034509
   -0.163265   -0.035197
   -0.161943   -0.035874
   -0.160603   -0.036540
   -0.159243   -0.037196
   -0.157866   -0.037840
   -0.156471   -0.038474
   -0.155058   -0.039097
   -0.153629   -0.039708
   -0.152182   -0.040308
   -0.150720   -0.040896
   -0.149241   -0.041473
   -0.147747   -0.042037
   -0.146237   -0.042590
   -0.144713   -0.043131
   -0.143174   -0.043659
   -0.141621   -0.044175
   -0.140055   -0.044679
   -0.138474   -0.045171
   -0.136881   -0.045649
   -0.135275   -0.046115
   -0.133657   -0.046568
   -0.132027   -0.047009
   -0.130385   -0.047436
   -0.128732   -0.047850
   -0.127068   -0.048251
   -0.125393   -0.048639
   -0.123708   -0.049014
   -0.122013   -0.049375
   -0.120309   -0.049723
   -0.118595   -0.050057
   -0.116873   -0.050378
   -0.115142   -0.050686
   -0.113403   -0.050979
   -0.111656   -0.051260
   -0.109902   -0.051526
   -0.108140   -0.051779
   -0.106372   -0.052018
   -0.104597   -0.052243
   -0.102816   -0.052454
   -0.101029   -0.052652
   -0.099237   -0.052835
   -0.097439   -0.053005
   -0.095636   -0.053161
   -0.093829   -0.053304
   -0.092018   -0.053432
   -0.090202   -0.053547
   -0.088383   -0.053647
   -0.086561   -0.053734
   -0.084736   -0.053808
   -0.082908   -0.053867
   -0.081077   -0.053913
   -0.079244   -0.053945
   -0.077410   -0.053963
   -0.075574   -0.053968
   -0.073736   -0.053959
   -0.071898   -0.053937
   -0.070059   -0.053901
   -0.068219   -0.053852
   -0.066380   -0.053789
   -0.064540   -0.053714
   -0.062701   -0.053625
   -0.060863   -0.053522
   -0.059025   -0.053407
   -0.057189   -0.053279
   -0.055354   -0.053137
   -0.053521   -0.052983
   -0.051690   -0.052816
   -0.049861   -0.052637
   -0.048034   -0.052445
   -0.046211   -0.052240
   -0.044390   -0.052023
   -0.042572   -0.051794
   -0.040758   -0.051553
   -0.038948   -0.051300
   -0.037141   -0.051034
   -0.035339   -0.050757
   -0.033541   -0.050469
   -0.031747   -0.050168
   -0.029959   -0.049856
   -0.028175   -0.049533
   -0.026397   -0.049199
   -0.024624   -0.048854
   -0.022857   -0.048498
   -0.021095   -0.048131
   -0.019340   -0.047753
   -0.017591   -0.047365
   -0.015849   -0.046967
   -0.014113   -0.046558
   -0.012384   -0.046140
   -0.010662   -0.045711
   -0.008948   -0.045273
   -0.007240   -0.044826
   -0.005541   -0.044368
   -0.003849   -0.043902
   -0.002165   -0.043427
   -0.000490   -0.042943
    0.001177   -0.042450
    0.002836   -0.041948
    0.004486   -0.041438
    0.006127   -0.040920
    0.007759   -0.040394
    0.009382   -0.039860
    0.010996   -0.039318
    0.012600   -0.038769
    0.014195   -0.038213
    0.015780   -0.037649
    0.017355   -0.037079
    0.018919   -0.036501
    0.020474   -0.035918
    0.022018   -0.035327
    0.023552   -0.034731
    0.025075   -0.034128
    0.026587   -0.033520
    0.028088   -0.032906
    0.029579   -0.032287
    0.031058   -0.031662
    0.032526   -0.031032
    0.033982   -0.030398
    0.035427   -0.029758
    0.036860   -0.029115
    0.038281   -0.028467
    0.039691   -0.027814
    0.041088   -0.027158
    0.042473   -0.026499
    0.043846   -0.025835
    0.045207   -0.025169
    0.046555   -0.024499
    0.047891   -0.023826
    0.049214   -0.023150
    0.050524   -0.022472
    0.051821   -0.021792
    0.053105   -0.021109
    0.054376   -0.020424
    0.055634   -0.019738
    0.056879   -0.019050
    0.058110   -0.018360
    0.059328   -0.017669
    0.060533   -0.016977
    0.061723   -0.016285
    0.062900   -0.015591
    0.064063   -0.014897
    0.065213   -0.014203
    0.066348   -0.013508
    0.067469   -0.012814
    0.068576   -0.012119
    0.069669   -0.011425
    0.070747   -0.010732
    0.071812   -0.010039
    0.072861   -0.009347
    0.073897   -0.008657
    0.074917   -0.007967
    0.075923   -0.007279
    0.076914   -0.006592
    0.077891   -0.005907
    0.078853   -0.005225
    0.079799   -0.004544
    0.080731   -0.003865
    0.081648   -0.003188
    0.082549   -0.002515
    0.083435   -0.001843
    0.084307   -0.001175
    0.085162   -0.000509
    0.086003    0.000153
    0.086828    0.000812
    0.087638    0.001468
    0.088432    0.002120
    0.089210    0.002768
    0.089973    0.003413
    0.090721    0.004054
    0.091452    0.004690
    0.092168    0.005323
    0.092868    0.005951
    0.093552    0.006575
    0.094221    0.007194
    0.094873    0.007808
    0.095510    0.008418
    0.096130    0.009022
    0.096735    0.009622
    0.097323    0.010216
    0.097895    0.010806
    0.098451    0.011390
    0.098991    0.011968
    0.099514    0.012541
    0.100022    0.013108
    0.100513    0.013669
    0.100987    0.014225
    0.101446    0.014775
    0.101888    0.015318
    0.102313    0.015856
    0.102723    0.016387
    0.103115    0.016912
    0.103491    0.017431
    0.103851    0.017943
    0.104194    0.018449
    0.104521    0.018948
    0.104831    0.019440
    0.105125    0.019926
    0.105402    0.020405
    0.105662    0.020878
    0.105906    0.021343
    0.106133    0.021802
    0.106343    0.022253
    0.106537    0.022697
    0.106715    0.023135
    0.106875    0.023565
    0.107019    0.023988
    0.107146    0.024404
    0.107257    0.024812
    0.107351    0.025214
    0.107428    0.025608
    0.107488    0.025994
    0.107532    0.026374
    0.107560    0.026745
    0.107570    0.027110
    0.107564    0.027467
    0.107542    0.027816
    0.107502    0.028158
    0.107446    0.028493
    0.107374    0.028820
    0.107285    0.029140
    0.107179    0.029452
    0.107057    0.029756
    0.106919    0.030053
    0.106764    0.030343
    0.106592    0.030624
    0.106404    0.030899
    0.106200    0.031166
    0.105979    0.031425
    0.105742    0.031677
    0.105489    0.031921
    0.105219    0.032158
    0.104934    0.032388
    0.104632    0.032610
    0.104313    0.032824
    0.103979    0.033031
    0.103629    0.033231
    0.103263    0.033424
    0.102880    0.033609
    0.102482    0.033786
    0.102068    0.033957
    0.101639    0.034120
    0.101193    0.034276
    0.100732    0.034425
    0.100255    0.034567
    0.099763    0.034701
    0.099255    0.034829
    0.098732    0.034950
    0.098194    0.035063
    0.097640    0.035170
    0.097071    0.035269
    0.096487    0.035362
    0.095888    0.035448
    0.095274    0.035528
    0.094645    0.035600
    0.094002    0.035666
    0.093343    0.035726
    0.092671    0.035779
    0.091983    0.035825
    0.091282    0.035865
    0.090566    0.035898
    0.089836    0.035925
    0.089092    0.035946
    0.088334    0.035961
    0.087562    0.035969
    0.086776    0.035972
    0.085976    0.035968
    0.085164    0.035959
    0.084337    0.035943
    0.083498    0.035922
    0.082645    0.035895
    0.081780    0.035862
    0.080901    0.035824
    0.080010    0.035780
    0.079106    0.035730
    0.078189    0.035675
    0.077261    0.035615
    0.076320    0.035549
    0.075367    0.035478
    0.074402    0.035402
    0.073425    0.035321
    0.072437    0.035234
    0.071438    0.035143
    0.070427    0.035047
    0.069404    0.034946
    0.068371    0.034840
    0.067328    0.034730
    0.066273    0.034614
    0.065208    0.034495
    0.064133    0.034371
    0.063048    0.034242
    0.061952    0.034109
    0.060847    0.033972
    0.059733    0.033830
    0.058609    0.033685
    0.057476    0.033535
    0.056333    0.033382
    0.055182    0.033224
    0.054023    0.033063
    0.052854    0.032897
    0.051678    0.032728
    0.050494    0.032556
    0.049301    0.032380
    0.048101    0.032200
    0.046894    0.032017
    0.045680    0.031830
    0.044458    0.031640
    0.043230    0.031447
    0.041995    0.031251
    0.040753    0.031051
    0.039506    0.030849
    0.038252    0.030643
    0.036993    0.030435
    0.035729    0.030223
    0.034459    0.030009
    0.033184    0.029792
    0.031904    0.029572
    0.030620    0.029350
    0.029331    0.029125
    0.028038    0.028898
    0.026742    0.028668
    0.025441    0.028436
    0.024137    0.028201
    0.022830    0.027965
    0.021520    0.027726
    0.020208    0.027484
    0.018893    0.027241
    0.017575    0.026996
    0.016256    0.026748
    0.014935    0.026499
    0.013612    0.026248
    0.012289    0.025995
    0.010964    0.025740
    0.009638    0.025483
    0.008312    0.025225
    0.006986    0.024965
    0.005660    0.024703
    0.004333    0.024440
    0.003008    0.024175
    0.001683    0.023909
    0.000359    0.023641
   -0.000964    0.023372
   -0.002285    0.023102
   -0.003604    0.022830
   -0.004922    0.022557
   -0.006237    0.022283
   -0.007550    0.022007
   -0.008860    0.021731
   -0.010167    0.021453
   -0.011471    0.021175
   -0.012771    0.020895
   -0.014068    0.020614
   -0.015361    0.020332
   -0.016650    0.020050
   -0.017934    0.019766
   -0.019213    0.019482
   -0.020488    0.019196
   -0.021757    0.018910
   -0.023021    0.018624
   -0.024279    0.018336
   -0.025531    0.018048
   -0.026778    0.017759
   -0.028017    0.017469
   -0.029251    0.017179
   -0.030477    0.016888
   -0.031696    0.016596
   -0.032908    0.016304
   -0.034113    0.016011
   -0.035310    0.015718
   -0.036498    0.015425
   -0.037679    0.015131
   -0.038851    0.014836
   -0.040015    0.014541
   -0.041169    0.014246
   -0.042315    0.013950
   -0.043451    0.013654
   -0.044578    0.013357
   -0.045695    0.013060
   -0.046802    0.012763
   -0.047899    0.012466
