8.261078742639186159e-67
9.519801098092448746e-66
1.075911178851515449e-64
1.192563519568780895e-63
1.296409713021586511e-62
1.382158238446197006e-61
1.445196987322007096e-60
1.482003232267777030e-59
1.490469468941871790e-58
1.470103224947562121e-57
1.422074487475375686e-56
1.349104397357985455e-55
1.255209939878188545e-54
1.145337954800859743e-53
1.024934823877874663e-52
8.995037328952895195e-52
7.741989780334019540e-51
6.534974024696288783e-50
5.409728835801100070e-49
4.391836470471152630e-48
3.496668779884714267e-47
2.730229157395929338e-46
2.090636519679510103e-45
1.569969837446485572e-44
1.156207819671052245e-43
8.350466555855624541e-43
5.914447837188643047e-42
4.108134264132836889e-41
2.798338783624241983e-40
1.869301790915625051e-39
1.224560350263727643e-38
7.866847317808785895e-38
4.956088598229430581e-37
3.061915541171726534e-36
1.855073348517608458e-35
1.102149627306579462e-34
6.421395391189308005e-34
3.668811189355815050e-33
2.055540530153640629e-32
1.129351192081482530e-31
6.084595929307884375e-31
3.214634557258602293e-30
1.665428151705678667e-29
8.460807407678057754e-29
4.214891692097457995e-28
2.058954312893402496e-27
9.862557470505634122e-27
4.632459984099806849e-26
2.133583872100240340e-25
9.635631134033267959e-25
4.266967806267180254e-24
1.852778591690855149e-23
7.888395732354985903e-23
3.293144214889652045e-22
1.347986120781672257e-21
5.410136652531626726e-21
2.128994473467066306e-20
8.214468257324157153e-20
3.107548545418397316e-19
1.152615951038772087e-18
4.191543880098620225e-18
1.494446212394670304e-17
5.223930112757790446e-17
1.790271306538073475e-16
6.015033929751776559e-16
1.981289924707428361e-15
6.397957144319001679e-15
2.025397248463918684e-14
6.285597085077829758e-14
1.912236929705244481e-13
5.702780297853923554e-13
1.667138925219201740e-12
4.777349878559259992e-12
1.341904850377816098e-11
3.694575062862465791e-11
9.970188406433760797e-11
2.637093924841990874e-10
6.836245608305603781e-10
1.736861294991223010e-09
4.324667135768035414e-09
1.055270794913601711e-08
2.523372250201366405e-08
5.912704116231806899e-08
1.357557649174273465e-07
3.054049849658171377e-07
6.731570711891042248e-07
1.453630647480829944e-06
3.075119432803931015e-06
6.372513979961909639e-06
1.293506490246170156e-05
2.571584053327593273e-05
5.006903806507625570e-05
9.546248040102465365e-05
1.782155487594327655e-04
3.257299729542708321e-04
5.827921021849159647e-04
1.020591297903922180e-03
1.749056194177162982e-03
2.932868625103436395e-03
4.810963554968417273e-03
7.718350628874203270e-03
1.210762232679687272e-02
1.856555812991520990e-02
2.781796336415887083e-02
4.071368651273399308e-02
5.817728788892276293e-02
8.111996387467293457e-02
1.103010494748558890e-01
1.461385802804070211e-01
1.884773703676678458e-01
2.363363696422321747e-01
2.876720320144698362e-01
3.392080887577325066e-01
3.863904671035960914e-01
4.235247603255887228e-01
4.441390452053535776e-01
4.415854663329981111e-01
4.098517012078376487e-01
3.445040012948075714e-01
2.436364426099530411e-01
1.086679270276038334e-01
-5.517947546990440572e-02
-2.388624652602159282e-01
-4.300416589014405822e-01
-6.141471640661950726e-01
-7.758837192753476053e-01
-9.009838661442524099e-01
-9.779549595672151208e-01
-9.995473785768336228e-01
-9.637043950805038728e-01
-8.738346995860321043e-01
-7.383614500027387839e-01
-5.696240614537310121e-01
-3.823156614794986363e-01
-1.917088374063519451e-01
-1.194243316524720884e-02
1.453884408757749602e-01
2.721684635980846645e-01
3.641480115527393480e-01
4.207994159477686513e-01
4.447441127823223983e-01
4.409017692185147608e-01
4.155286714513439228e-01
3.752975168029451525e-01
3.265330516683229156e-01
2.746693040028357347e-01
2.239457569528214009e-01
1.773203503690857774e-01
1.365514868653315561e-01
1.023901731041970270e-01
7.482490237434528957e-02
5.333197106233391466e-02
3.709825441802881707e-02
2.519824815257902181e-02
1.671976276443652015e-02
1.084168397833282921e-02
6.872450552779975873e-03
4.259882161921241597e-03
2.582629468723565951e-03
1.531792005563158143e-03
8.889850697162928654e-04
5.049178164272484157e-04
2.807017986686921162e-04
1.527664190478387541e-04
8.139971090918064224e-05
4.246968409232866533e-05
2.169905745064335364e-05
1.085797683625207731e-05
5.321575265672924862e-06
2.554751935496765244e-06
1.201450060922644780e-06
5.535284513411290199e-07
2.498492174424111275e-07
1.104954682498609830e-07
4.788088789178692972e-08
2.033070302246506060e-08
8.459307807657530576e-09
3.449275787563087830e-09
1.378316306479273180e-09
5.397763703570430321e-10
2.071752877632198044e-10
7.793549922485939225e-11
2.873553660120864761e-11
1.038490353318648689e-11
3.678718965618250086e-12
1.277358793639958960e-12
4.347723115197457340e-13
1.450619484899714719e-13
4.744573985703588606e-14
1.521254831412749633e-14
4.781632903897052377e-15
1.473425089194075303e-15
4.451077067841821591e-16
1.318240569995498212e-16
3.827574670758779508e-17
1.089578979297470025e-17
3.040927773984454995e-18
8.320929674086970687e-19
2.232346967429460611e-19
5.871933497807666467e-20
1.514381846429895912e-20
3.829389298324948051e-21
9.494417208813452074e-22
2.308109360247396517e-22
5.501715777284825643e-23
1.285872350522994757e-23
2.946860486879697966e-24
6.621970077365195591e-25
1.459098233816629994e-25
3.152500346697483592e-26
6.678862841711105802e-27
1.387490518863140881e-27
2.826447117701955807e-28
5.645964602303712467e-29
1.105922968749921897e-29
2.124241711610641423e-30
4.001087968551420620e-31
7.390095819338680719e-32
1.338512518766495163e-32
2.377375112986650823e-33
4.140743394151786487e-34
7.072396457411435659e-35
1.184581155821022893e-35
1.945696851435057727e-36
3.134005759203939459e-37
4.950404849419031390e-38
7.668315074317239067e-39
1.164875237497419249e-39
1.735325628237993884e-40
2.535166363270743315e-41
3.632098529486601250e-42
5.103124437481837300e-43
7.031431191907307970e-44
9.501276271852625228e-45
1.259077215004175510e-45
1.636275780419625452e-46
2.085431030924942344e-47
2.606584354954106551e-48
3.195109540531159790e-49
3.840953841408775881e-50
4.528278286217828633e-51
5.235631770287577532e-52
5.936743583336913771e-53
6.601945170591731454e-54
7.200143308382293804e-55
7.701177332050997848e-56
8.078318718875149513e-57
8.310627404239148318e-58
8.384876533812881979e-59
8.296799627581228129e-60
8.051496565854882431e-61
7.662944656283823746e-62
7.152679978050723746e-63
6.547822031850885768e-64
5.878693555824600792e-65
5.176325204534329644e-66
4.470127734037587122e-67
3.785966910566897576e-68
3.144799971891446864e-69
2.561942539190164381e-70
2.046947394115490917e-71
1.604004907130186785e-72
1.232727759639864955e-73
9.291629249932131438e-75
6.868794234152669869e-76
4.980050955997479857e-77
3.541215894527630828e-78
2.469659268886256156e-79
1.689228313652996220e-80
1.133201112853159556e-81
7.455788749662959491e-83
4.811148691469172971e-84
3.044900847613471897e-85
1.890023991931869608e-86
1.150619813621330494e-87
6.870167401327259566e-89
4.023224706192316507e-90
2.310751835071369691e-91
1.301682023281729366e-92
7.191667781754294590e-94
3.896977978460038659e-95
2.071096888243580149e-96
1.079561792550640106e-97
5.519118336836505140e-99
2.767371683927400533e-100
1.360947378262810995e-101
6.564349340261673645e-103
3.105410361380896061e-104
1.440866391759954547e-105
6.557016236264589182e-107
2.926624908229143340e-108
1.281169361916253512e-109
5.500790528168290718e-111
2.316451193717167651e-112
9.567557468263632591e-114
3.875781358932846806e-115
1.539919804133133641e-116
6.000921649399874697e-118
2.293607988315649339e-119
8.598093672459843739e-121
3.161311193939029373e-122
1.140026037465978064e-123
4.032227966808110252e-125
1.398809282325452083e-126
4.759434827887806777e-128
1.588312806492100554e-129
5.198772152553136130e-131
1.668975403775370468e-132
5.255134099041563695e-134
1.622940826946489363e-135
4.915943497541248849e-137
1.460483606339167479e-138
4.255713520240198787e-140
1.216281949756037203e-141
3.409436409596325976e-143
9.373842632741301241e-145
2.527782612726834932e-146
6.685733354366732688e-148
1.734386593882855942e-149
4.412965659384332944e-151
1.101293876665269717e-152
2.695654242605927392e-154
6.471630003541088241e-156
1.523884125272108991e-157
3.519485819308669626e-159
7.972522215247050233e-161
1.771339186512748500e-162
3.860089938319140184e-164
8.250552671548256544e-166
1.729652277691010526e-167
3.556517305115232402e-169
7.172682779765260799e-171
1.418825898095458347e-172
2.752755142720645051e-174
5.238383079837542463e-176
9.777286138482096613e-178
1.789909165884591052e-179
3.213922874514990209e-181
5.660201523418351625e-183
9.777335361156348782e-185
1.656538337267684592e-186
2.752802265818087658e-188
4.486847111161668655e-190
7.172993431337830437e-192
1.124741396090380809e-193
1.729809130842240287e-195
2.609378753534168885e-197
3.860732035754235228e-199
5.602681891585488011e-201
7.974733955595158669e-203
1.113346986920250797e-204
1.524541072938963319e-206
2.047585924169139775e-208
2.697364968031231880e-210
3.485234590923966961e-212
4.416916573289758301e-214
5.490367370605573899e-216
6.693893360472761293e-218
8.004818628038724904e-220
9.389007145851288540e-222
1.080148463166370573e-223
1.218829575930887636e-225
1.348957927767113697e-227
1.464366721975738627e-229
1.559184316751705834e-231
1.628326005247914234e-233
1.667944847560830834e-235
1.675786045623722920e-237
1.651399459706311733e-239
1.596182402300411021e-241
1.513247049934863034e-243
1.407129974396849132e-245
1.283381504390894212e-247
1.148086583618530452e-249
1.007374448334904327e-251
8.669713803501235831e-254
7.318401787294425623e-256
6.059342611193458401e-258
4.920765349505770663e-260
3.919564366655999563e-262
3.062252902810068940e-264
2.346618704814093414e-266
1.763771530860037427e-268
1.300291018514963886e-270
9.402369991661410063e-273
6.668570636250021126e-275
4.639027234149101571e-277
3.165336882817048379e-279
2.118419205001061011e-281
1.390602231869041209e-283
8.953505157809412334e-286
5.654347566510222117e-288
3.502444448462793720e-290
2.127940345986312027e-292
1.268081521995113562e-294
7.411984880884191569e-297
4.249341087789588729e-299
2.389507889483798606e-301
1.317938798522996672e-303
7.129876464231085763e-306
3.783283116588622292e-308
1.969045908745201983e-310
1.005178265101120420e-312
5.033044298441144548e-315
2.472056964901031243e-317
1.171775492241684429e-319
0.000000000000000000e+00
0.000000000000000000e+00
0.000000000000000000e+00
0.000000000000000000e+00
0.000000000000000000e+00
0.000000000000000000e+00
0.000000000000000000e+00
0.000000000000000000e+00
0.000000000000000000e+00
0.000000000000000000e+00
0.000000000000000000e+00
0.000000000000000000e+00
0.000000000000000000e+00
0.000000000000000000e+00
0.000000000000000000e+00
0.000000000000000000e+00
0.000000000000000000e+00
0.000000000000000000e+00
0.000000000000000000e+00
0.000000000000000000e+00
0.000000000000000000e+00
0.000000000000000000e+00
0.000000000000000000e+00
0.000000000000000000e+00
0.000000000000000000e+00
0.000000000000000000e+00
0.000000000000000000e+00
0.000000000000000000e+00
0.000000000000000000e+00
0.000000000000000000e+00
0.000000000000000000e+00
0.000000000000000000e+00
0.000000000000000000e+00
0.000000000000000000e+00
0.000000000000000000e+00
0.000000000000000000e+00
0.000000000000000000e+00
0.000000000000000000e+00
0.000000000000000000e+00
0.000000000000000000e+00
0.000000000000000000e+00
0.000000000000000000e+00
0.000000000000000000e+00
0.000000000000000000e+00
0.000000000000000000e+00
0.000000000000000000e+00
0.000000000000000000e+00
0.000000000000000000e+00
0.000000000000000000e+00
0.000000000000000000e+00
0.000000000000000000e+00
0.000000000000000000e+00
0.000000000000000000e+00
0.000000000000000000e+00
0.000000000000000000e+00
0.000000000000000000e+00
0.000000000000000000e+00
0.000000000000000000e+00
0.000000000000000000e+00
0.000000000000000000e+00
0.000000000000000000e+00
0.000000000000000000e+00
0.000000000000000000e+00
0.000000000000000000e+00
0.000000000000000000e+00
0.000000000000000000e+00
0.000000000000000000e+00
0.000000000000000000e+00
0.000000000000000000e+00
0.000000000000000000e+00
0.000000000000000000e+00
0.000000000000000000e+00
0.000000000000000000e+00
0.000000000000000000e+00
0.000000000000000000e+00
0.000000000000000000e+00
0.000000000000000000e+00
0.000000000000000000e+00
0.000000000000000000e+00
0.000000000000000000e+00
0.000000000000000000e+00
0.000000000000000000e+00
0.000000000000000000e+00
0.000000000000000000e+00
0.000000000000000000e+00
0.000000000000000000e+00
0.000000000000000000e+00
0.000000000000000000e+00
0.000000000000000000e+00
0.000000000000000000e+00
0.000000000000000000e+00
0.000000000000000000e+00
0.000000000000000000e+00
0.000000000000000000e+00
0.000000000000000000e+00
0.000000000000000000e+00
0.000000000000000000e+00
0.000000000000000000e+00
0.000000000000000000e+00
0.000000000000000000e+00
0.000000000000000000e+00
0.000000000000000000e+00
0.000000000000000000e+00
0.000000000000000000e+00
0.000000000000000000e+00
0.000000000000000000e+00
0.000000000000000000e+00
0.000000000000000000e+00
0.000000000000000000e+00
0.000000000000000000e+00
0.000000000000000000e+00
0.000000000000000000e+00
0.000000000000000000e+00
0.000000000000000000e+00
0.000000000000000000e+00
0.000000000000000000e+00
0.000000000000000000e+00
0.000000000000000000e+00
0.000000000000000000e+00
0.000000000000000000e+00
0.000000000000000000e+00
0.000000000000000000e+00
0.000000000000000000e+00
0.000000000000000000e+00
0.000000000000000000e+00
0.000000000000000000e+00
0.000000000000000000e+00
0.000000000000000000e+00
0.000000000000000000e+00
0.000000000000000000e+00
0.000000000000000000e+00
0.000000000000000000e+00
0.000000000000000000e+00
0.000000000000000000e+00
0.000000000000000000e+00
0.000000000000000000e+00
0.000000000000000000e+00
0.000000000000000000e+00
0.000000000000000000e+00
0.000000000000000000e+00
0.000000000000000000e+00
0.000000000000000000e+00
0.000000000000000000e+00
0.000000000000000000e+00
0.000000000000000000e+00
0.000000000000000000e+00
0.000000000000000000e+00
0.000000000000000000e+00
0.000000000000000000e+00
0.000000000000000000e+00
0.000000000000000000e+00
0.000000000000000000e+00
0.000000000000000000e+00
0.000000000000000000e+00
0.000000000000000000e+00
0.000000000000000000e+00
0.000000000000000000e+00
0.000000000000000000e+00
0.000000000000000000e+00
0.000000000000000000e+00
0.000000000000000000e+00
0.000000000000000000e+00
0.000000000000000000e+00
0.000000000000000000e+00
0.000000000000000000e+00
0.000000000000000000e+00
0.000000000000000000e+00
0.000000000000000000e+00
0.000000000000000000e+00
0.000000000000000000e+00
0.000000000000000000e+00
0.000000000000000000e+00
0.000000000000000000e+00
0.000000000000000000e+00
0.000000000000000000e+00
0.000000000000000000e+00
0.000000000000000000e+00
0.000000000000000000e+00
0.000000000000000000e+00
0.000000000000000000e+00
0.000000000000000000e+00
0.000000000000000000e+00
0.000000000000000000e+00
0.000000000000000000e+00
0.000000000000000000e+00
0.000000000000000000e+00
0.000000000000000000e+00
0.000000000000000000e+00
0.000000000000000000e+00
0.000000000000000000e+00
0.000000000000000000e+00
0.000000000000000000e+00
0.000000000000000000e+00
0.000000000000000000e+00
0.000000000000000000e+00
0.000000000000000000e+00
0.000000000000000000e+00
0.000000000000000000e+00
0.000000000000000000e+00
0.000000000000000000e+00
0.000000000000000000e+00
0.000000000000000000e+00
0.000000000000000000e+00
0.000000000000000000e+00
0.000000000000000000e+00
0.000000000000000000e+00
0.000000000000000000e+00
0.000000000000000000e+00
0.000000000000000000e+00
0.000000000000000000e+00
0.000000000000000000e+00
0.000000000000000000e+00
0.000000000000000000e+00
0.000000000000000000e+00
0.000000000000000000e+00
0.000000000000000000e+00
0.000000000000000000e+00
0.000000000000000000e+00
0.000000000000000000e+00
0.000000000000000000e+00
0.000000000000000000e+00
0.000000000000000000e+00
0.000000000000000000e+00
0.000000000000000000e+00
0.000000000000000000e+00
0.000000000000000000e+00
0.000000000000000000e+00
0.000000000000000000e+00
0.000000000000000000e+00
0.000000000000000000e+00
0.000000000000000000e+00
0.000000000000000000e+00
0.000000000000000000e+00
0.000000000000000000e+00
0.000000000000000000e+00
0.000000000000000000e+00
0.000000000000000000e+00
0.000000000000000000e+00
0.000000000000000000e+00
0.000000000000000000e+00
0.000000000000000000e+00
0.000000000000000000e+00
0.000000000000000000e+00
0.000000000000000000e+00
0.000000000000000000e+00
0.000000000000000000e+00
0.000000000000000000e+00
0.000000000000000000e+00
0.000000000000000000e+00
0.000000000000000000e+00
0.000000000000000000e+00
0.000000000000000000e+00
0.000000000000000000e+00
0.000000000000000000e+00
0.000000000000000000e+00
0.000000000000000000e+00
0.000000000000000000e+00
0.000000000000000000e+00
0.000000000000000000e+00
0.000000000000000000e+00
0.000000000000000000e+00
0.000000000000000000e+00
0.000000000000000000e+00
0.000000000000000000e+00
0.000000000000000000e+00
0.000000000000000000e+00
0.000000000000000000e+00
0.000000000000000000e+00
0.000000000000000000e+00
0.000000000000000000e+00
0.000000000000000000e+00
0.000000000000000000e+00
0.000000000000000000e+00
0.000000000000000000e+00
0.000000000000000000e+00
0.000000000000000000e+00
0.000000000000000000e+00
0.000000000000000000e+00
0.000000000000000000e+00
0.000000000000000000e+00
0.000000000000000000e+00
0.000000000000000000e+00
0.000000000000000000e+00
0.000000000000000000e+00
0.000000000000000000e+00
0.000000000000000000e+00
0.000000000000000000e+00
0.000000000000000000e+00
0.000000000000000000e+00
0.000000000000000000e+00
0.000000000000000000e+00
0.000000000000000000e+00
0.000000000000000000e+00
0.000000000000000000e+00
0.000000000000000000e+00
0.000000000000000000e+00
0.000000000000000000e+00
0.000000000000000000e+00
0.000000000000000000e+00
0.000000000000000000e+00
0.000000000000000000e+00
0.000000000000000000e+00
0.000000000000000000e+00
0.000000000000000000e+00
0.000000000000000000e+00
0.000000000000000000e+00
0.000000000000000000e+00
0.000000000000000000e+00
0.000000000000000000e+00
0.000000000000000000e+00
0.000000000000000000e+00
0.000000000000000000e+00
0.000000000000000000e+00
0.000000000000000000e+00
0.000000000000000000e+00
0.000000000000000000e+00
0.000000000000000000e+00
0.000000000000000000e+00
0.000000000000000000e+00
0.000000000000000000e+00
0.000000000000000000e+00
0.000000000000000000e+00
0.000000000000000000e+00
0.000000000000000000e+00
0.000000000000000000e+00
0.000000000000000000e+00
0.000000000000000000e+00
0.000000000000000000e+00
0.000000000000000000e+00
0.000000000000000000e+00
0.000000000000000000e+00
0.000000000000000000e+00
0.000000000000000000e+00
0.000000000000000000e+00
0.000000000000000000e+00
0.000000000000000000e+00
0.000000000000000000e+00
0.000000000000000000e+00
0.000000000000000000e+00
0.000000000000000000e+00
0.000000000000000000e+00
0.000000000000000000e+00
0.000000000000000000e+00
0.000000000000000000e+00
0.000000000000000000e+00
0.000000000000000000e+00
0.000000000000000000e+00
0.000000000000000000e+00
0.000000000000000000e+00
0.000000000000000000e+00
0.000000000000000000e+00
0.000000000000000000e+00
0.000000000000000000e+00
0.000000000000000000e+00
0.000000000000000000e+00
0.000000000000000000e+00
0.000000000000000000e+00
0.000000000000000000e+00
0.000000000000000000e+00
0.000000000000000000e+00
0.000000000000000000e+00
0.000000000000000000e+00
0.000000000000000000e+00
0.000000000000000000e+00
0.000000000000000000e+00
0.000000000000000000e+00
0.000000000000000000e+00
0.000000000000000000e+00
0.000000000000000000e+00
0.000000000000000000e+00
0.000000000000000000e+00
0.000000000000000000e+00
0.000000000000000000e+00
0.000000000000000000e+00
0.000000000000000000e+00
0.000000000000000000e+00
0.000000000000000000e+00
0.000000000000000000e+00
0.000000000000000000e+00
0.000000000000000000e+00
0.000000000000000000e+00
0.000000000000000000e+00
0.000000000000000000e+00
0.000000000000000000e+00
0.000000000000000000e+00
0.000000000000000000e+00
0.000000000000000000e+00
0.000000000000000000e+00
0.000000000000000000e+00
0.000000000000000000e+00
0.000000000000000000e+00
0.000000000000000000e+00
0.000000000000000000e+00
0.000000000000000000e+00
0.000000000000000000e+00
0.000000000000000000e+00
0.000000000000000000e+00
0.000000000000000000e+00
0.000000000000000000e+00
0.000000000000000000e+00
0.000000000000000000e+00
0.000000000000000000e+00
0.000000000000000000e+00
0.000000000000000000e+00
0.000000000000000000e+00
0.000000000000000000e+00
0.000000000000000000e+00
0.000000000000000000e+00
0.000000000000000000e+00
0.000000000000000000e+00
0.000000000000000000e+00
0.000000000000000000e+00
0.000000000000000000e+00
0.000000000000000000e+00
0.000000000000000000e+00
0.000000000000000000e+00
0.000000000000000000e+00
0.000000000000000000e+00
0.000000000000000000e+00
0.000000000000000000e+00
0.000000000000000000e+00
0.000000000000000000e+00
0.000000000000000000e+00
0.000000000000000000e+00
0.000000000000000000e+00
0.000000000000000000e+00
0.000000000000000000e+00
0.000000000000000000e+00
0.000000000000000000e+00
0.000000000000000000e+00
0.000000000000000000e+00
0.000000000000000000e+00
0.000000000000000000e+00
0.000000000000000000e+00
0.000000000000000000e+00
0.000000000000000000e+00
0.000000000000000000e+00
0.000000000000000000e+00
0.000000000000000000e+00
0.000000000000000000e+00
0.000000000000000000e+00
0.000000000000000000e+00
0.000000000000000000e+00
0.000000000000000000e+00
0.000000000000000000e+00
0.000000000000000000e+00
0.000000000000000000e+00
0.000000000000000000e+00
0.000000000000000000e+00
0.000000000000000000e+00
0.000000000000000000e+00
0.000000000000000000e+00
0.000000000000000000e+00
0.000000000000000000e+00
0.000000000000000000e+00
0.000000000000000000e+00
0.000000000000000000e+00
0.000000000000000000e+00
0.000000000000000000e+00
0.000000000000000000e+00
0.000000000000000000e+00
0.000000000000000000e+00
0.000000000000000000e+00
0.000000000000000000e+00
0.000000000000000000e+00
0.000000000000000000e+00
0.000000000000000000e+00
0.000000000000000000e+00
0.000000000000000000e+00
0.000000000000000000e+00
0.000000000000000000e+00
0.000000000000000000e+00
0.000000000000000000e+00
0.000000000000000000e+00
0.000000000000000000e+00
0.000000000000000000e+00
0.000000000000000000e+00
0.000000000000000000e+00
0.000000000000000000e+00
0.000000000000000000e+00
0.000000000000000000e+00
0.000000000000000000e+00
0.000000000000000000e+00
0.000000000000000000e+00
0.000000000000000000e+00
0.000000000000000000e+00
0.000000000000000000e+00
0.000000000000000000e+00
0.000000000000000000e+00
0.000000000000000000e+00
0.000000000000000000e+00
0.000000000000000000e+00
0.000000000000000000e+00
0.000000000000000000e+00
0.000000000000000000e+00
0.000000000000000000e+00
0.000000000000000000e+00
0.000000000000000000e+00
0.000000000000000000e+00
0.000000000000000000e+00
0.000000000000000000e+00
0.000000000000000000e+00
0.000000000000000000e+00
0.000000000000000000e+00
0.000000000000000000e+00
0.000000000000000000e+00
0.000000000000000000e+00
0.000000000000000000e+00
0.000000000000000000e+00
0.000000000000000000e+00
0.000000000000000000e+00
0.000000000000000000e+00
0.000000000000000000e+00
0.000000000000000000e+00
0.000000000000000000e+00
0.000000000000000000e+00
0.000000000000000000e+00
0.000000000000000000e+00
0.000000000000000000e+00
0.000000000000000000e+00
0.000000000000000000e+00
0.000000000000000000e+00
0.000000000000000000e+00
0.000000000000000000e+00
0.000000000000000000e+00
0.000000000000000000e+00
0.000000000000000000e+00
0.000000000000000000e+00
0.000000000000000000e+00
0.000000000000000000e+00
0.000000000000000000e+00
0.000000000000000000e+00
0.000000000000000000e+00
0.000000000000000000e+00
0.000000000000000000e+00
0.000000000000000000e+00
0.000000000000000000e+00
0.000000000000000000e+00
0.000000000000000000e+00
0.000000000000000000e+00
0.000000000000000000e+00
0.000000000000000000e+00
0.000000000000000000e+00
0.000000000000000000e+00
0.000000000000000000e+00
0.000000000000000000e+00
0.000000000000000000e+00
0.000000000000000000e+00
0.000000000000000000e+00
0.000000000000000000e+00
0.000000000000000000e+00
0.000000000000000000e+00
0.000000000000000000e+00
0.000000000000000000e+00
0.000000000000000000e+00
0.000000000000000000e+00
0.000000000000000000e+00
0.000000000000000000e+00
0.000000000000000000e+00
0.000000000000000000e+00
0.000000000000000000e+00
0.000000000000000000e+00
0.000000000000000000e+00
0.000000000000000000e+00
0.000000000000000000e+00
0.000000000000000000e+00
0.000000000000000000e+00
0.000000000000000000e+00
0.000000000000000000e+00
0.000000000000000000e+00
0.000000000000000000e+00
0.000000000000000000e+00
0.000000000000000000e+00
0.000000000000000000e+00
0.000000000000000000e+00
0.000000000000000000e+00
0.000000000000000000e+00
0.000000000000000000e+00
0.000000000000000000e+00
0.000000000000000000e+00
0.000000000000000000e+00
0.000000000000000000e+00
0.000000000000000000e+00
0.000000000000000000e+00
0.000000000000000000e+00
0.000000000000000000e+00
0.000000000000000000e+00
0.000000000000000000e+00
0.000000000000000000e+00
0.000000000000000000e+00
0.000000000000000000e+00
0.000000000000000000e+00
0.000000000000000000e+00
0.000000000000000000e+00
0.000000000000000000e+00
0.000000000000000000e+00
0.000000000000000000e+00
0.000000000000000000e+00
0.000000000000000000e+00
0.000000000000000000e+00
0.000000000000000000e+00
0.000000000000000000e+00
0.000000000000000000e+00
0.000000000000000000e+00
0.000000000000000000e+00
0.000000000000000000e+00
0.000000000000000000e+00
0.000000000000000000e+00
0.000000000000000000e+00
0.000000000000000000e+00
0.000000000000000000e+00
0.000000000000000000e+00
0.000000000000000000e+00
0.000000000000000000e+00
0.000000000000000000e+00
0.000000000000000000e+00
0.000000000000000000e+00
0.000000000000000000e+00
