0.000000000000000000e+00
-2.478548251427937874e-54
6.334402032179411413e-54
7.014941658905173777e-52
-8.528602515270903858e-51
4.021338894822003081e-50
-1.284267548001246893e-49
1.758743658809433434e-49
7.230530614462837904e-48
-5.847882106552780172e-47
-1.710238280774425063e-47
1.489244534308840564e-45
-1.877403957062221767e-45
-2.297476503834389727e-44
3.706938367160630501e-44
2.862376100148708076e-43
-3.715062294767536833e-43
-3.105650554148852372e-42
1.704736088853032322e-42
2.874650470492184617e-41
1.176546675518707239e-41
-2.124031570014124464e-40
-3.325249038116325550e-40
1.078166355109542287e-39
3.735838566543177678e-39
-1.448790639429934868e-39
-2.555779834916172034e-38
-3.395360932575153594e-38
8.700249142404408957e-38
3.392528785460070026e-37
1.659378593273076047e-37
-1.287324247960726304e-36
-2.693852387133519029e-36
1.126009050967308642e-36
7.052915325317009604e-36
-2.227477311933858020e-35
-1.018737637200704513e-34
1.232969615723453775e-34
1.753682761545399663e-33
4.635258523324584841e-33
-1.815145282121634140e-33
-5.024963038063465041e-32
-1.570145247364160178e-31
-1.049840369478097792e-31
9.553974217666632946e-31
4.103963099887852331e-30
6.273792719678629572e-30
-1.084994996659374567e-29
-8.394227943224367421e-29
-1.970055482652793994e-28
-3.445640576153856263e-29
1.296657173728557467e-27
4.442003809575196510e-27
5.400766396782481025e-27
-1.253228855154608191e-26
-7.509964356160007273e-26
-1.557956668065017129e-25
-1.564546056444676897e-26
9.049202008710276678e-25
2.869329195082908013e-24
3.436527079590146266e-24
-6.042294105761669708e-24
-3.729708121587149577e-23
-7.754106083720889192e-23
-2.814423683876289896e-23
3.249634892545528837e-22
1.084097438892887004e-21
1.466979196646570398e-21
-1.200880737355931100e-21
-1.050808868188124822e-20
-2.349042071783910925e-20
-1.496497107029516383e-20
6.999234215542751314e-20
2.631486836309410631e-19
3.919139227208648951e-19
-1.788394397168706194e-19
-2.431480993022950304e-18
-6.169406926306259110e-18
-6.129140044720284089e-18
1.246690632196651227e-17
6.969852159948306734e-17
1.593168294029296670e-16
1.747115923915884159e-16
-1.703238553688548137e-16
-1.243960453211925984e-15
-2.799113583699791159e-15
-2.061541544962245596e-15
9.690710322324459897e-15
5.032178073256533157e-14
1.408340083565731839e-13
2.570649778106701689e-13
1.279775824450249059e-13
-1.461800620255299326e-12
-8.803416624984912168e-12
-3.503471800347255312e-11
-1.157420561314725165e-10
-3.357369921615071608e-10
-8.680367755030249073e-10
-1.991484350071033281e-09
-3.952186217326882194e-09
-6.284875681932269201e-09
-5.691979311358591683e-09
9.351562328475088151e-09
7.052706840454239496e-08
2.531942372418235357e-07
7.181785824770505249e-07
1.778703341349422011e-06
3.996233808487107248e-06
8.300345254889165224e-06
1.611199985263521114e-05
2.942763860801876557e-05
5.079820128437463600e-05
8.312258071596294155e-05
1.291829279796810105e-04
1.908929290815377928e-04
2.683151071108984200e-04
3.586189700087351198e-04
4.552675864680130182e-04
5.477879953988729110e-04
6.224495564584344148e-04
6.640118189394770458e-04
6.584197485935335556e-04
5.959837010700543480e-04
4.742945989261444610e-04
3.000144697590092298e-04
8.883612103795341069e-05
-1.366712595055319650e-04
-3.510189922663708279e-04
-5.306623639697094020e-04
-6.585101662065570441e-04
-7.268331328905829492e-04
-7.377534588697401202e-04
-7.012315099834771828e-04
-6.312687113855278923e-04
-5.416339824019967978e-04
-4.425662029005922467e-04
-3.395252310030992169e-04
-2.342701055781602737e-04
-1.276161529871936524e-04
-2.252067235936083562e-05
7.403097421795151679e-05
1.514094831151042097e-04
1.981181295718076319e-04
2.060108441141744880e-04
1.742550725316477660e-04
1.112701076733845553e-04
3.355023544929983651e-05
-3.853329689574062304e-05
-8.664415916101087423e-05
-1.000633914859795192e-04
-7.895128823837707860e-05
-3.411591596054813286e-05
1.663818416351861841e-05
5.432900652878311690e-05
6.485485965812437547e-05
4.338657477889118410e-05
-4.168508384437988783e-06
-6.292486100715138182e-05
-1.133460263752172317e-04
-1.368312739274383952e-04
-1.210132008295706672e-04
-6.338755748670836217e-05
2.761883373255948784e-05
1.343694214695694098e-04
2.340565023907610555e-04
3.040108153755875895e-04
3.269332825147623525e-04
2.947618703950626029e-04
2.103045337608258191e-04
8.641390311644866421e-05
-5.686524662543120990e-05
-1.962975139905834743e-04
-3.096170908331154301e-04
-3.790596744653176929e-04
-3.938481955660452652e-04
-3.515523780498598476e-04
-2.584073767879399813e-04
-1.286526224413524352e-04
1.715489899660935553e-05
1.549281909547105447e-04
2.608510850999961554e-04
3.157552714607345080e-04
3.092370897919063531e-04
2.424376580928686074e-04
1.285086238867068874e-04
-9.722405183655080175e-06
-1.446015236419267015e-04
-2.499279367938555358e-04
-3.070418688683070312e-04
-3.090462966123800519e-04
-2.619689012010268454e-04
-1.825456726625026248e-04
-9.329324012137025926e-05
-1.631164098401309708e-05
3.242055649265937896e-05
4.671431150476778828e-05
3.091638181358755556e-05
-2.277786493200557550e-06
-3.614276195350305302e-05
-5.504673112915248109e-05
-4.893670143575102222e-05
-1.602504226995229861e-05
3.691640424933451782e-05
9.657578402038118558e-05
1.467613783053723254e-04
1.726596317731853090e-04
1.645773976171049382e-04
1.202751131828304137e-04
4.542646028794914190e-05
-4.775409480353218211e-05
-1.432329705314835217e-04
-2.244785550179039110e-04
-2.775889511321256412e-04
-2.935939616635280312e-04
-2.695867997012104614e-04
-2.086571908058815433e-04
-1.188540158829569479e-04
-1.155052101948024640e-05
1.003901531572831945e-04
2.043208242062740808e-04
2.891795851689082605e-04
3.464421150649100480e-04
3.706772551135354148e-04
3.597808789012522067e-04
3.149678594427578822e-04
2.405675798656512529e-04
1.436186314128825160e-04
3.322385243158052631e-05
-8.036516731589768913e-05
-1.869041428319428858e-04
-2.774246334515770730e-04
-3.453920148486819925e-04
-3.874884944381076584e-04
-4.038061407533417510e-04
-3.973767486699880495e-04
-3.731581746440117706e-04
-3.367681520213770797e-04
-2.933331252705139651e-04
-2.467614589122456249e-04
-1.995737029600160245e-04
-1.531977541408399083e-04
-1.084601748559371992e-04
-6.595640698455128802e-05
-2.608710117573280991e-05
1.123971031961794102e-05
4.701866071498880649e-05
8.332471198334829936e-05
1.229609297786453262e-04
1.684920767018512901e-04
2.208782721527540089e-04
2.781800036752209312e-04
3.349012042652405432e-04
3.824095948462177515e-04
4.105493426338946883e-04
4.101474951350632414e-04
3.757609268071394914e-04
3.078477407473467981e-04
2.136437944737055062e-04
1.063587834662648601e-04
2.773919453996910743e-06
-8.022125579436771906e-05
-1.293099360479780656e-04
-1.377343737677240801e-04
-1.068516190308078798e-04
-4.588521127681255841e-05
3.005938500288777708e-05
1.032446119619858494e-04
1.570740586951713030e-04
1.795597108578316436e-04
1.657522707033693560e-04
1.186503845924783990e-04
4.843686673014792050e-05
-2.976384240591712401e-05
-9.911935583489662051e-05
-1.446380481981335200e-04
-1.563046397950051828e-04
-1.311662569410035730e-04
-7.395002606965542192e-05
3.905317675801137701e-06
8.659535712274604149e-05
1.571811358973725092e-04
2.010316438119614862e-04
2.087644244180554239e-04
1.780832528960902953e-04
1.141509454490702394e-04
2.844815192677659210e-05
-6.361391382535502934e-05
-1.458062816327365067e-04
-2.042643073790577346e-04
-2.300884464765585069e-04
-2.208533647177515996e-04
-1.807553094117287686e-04
-1.194152503621202712e-04
-4.963109967053072602e-05
1.541775167008264439e-05
6.490636863414288294e-05
9.245554843113880860e-05
9.713840246610973240e-05
8.320366420991816866e-05
5.860738595556700873e-05
3.272195037772177896e-05
1.379091860554636421e-05
6.767363731503229512e-06
1.208631579030338572e-05
2.569111134223403206e-05
4.031090626297664233e-05
4.765412380256044925e-05
4.093070369048107805e-05
1.701780892422664453e-05
-2.232846884264763125e-05
-7.055938955250917364e-05
-1.177121586383267322e-04
-1.527278320971889119e-04
-1.661084935577179051e-04
-1.522345463035181630e-04
-1.107689783253013120e-04
-4.682963135454483840e-05
3.006494915317605053e-05
1.079686602129269516e-04
1.748930466019583431e-04
2.210442175953066478e-04
2.404423682927402713e-04
2.316495062710397976e-04
1.975652354885296059e-04
1.444592245899283000e-04
8.054487802859712834e-05
1.444215153553867784e-05
-4.616347177296404285e-05
-9.545671593604359228e-05
-1.299342467188589181e-04
-1.483762120738148118e-04
-1.514560211735780358e-04
-1.411449795311321524e-04
-1.200801082979986771e-04
-9.104315199200215707e-05
-5.665262841090346551e-05
-1.930642571090502910e-05
1.865978790389647628e-05
5.469924386856238075e-05
8.581036685711015369e-05
1.084732263982291330e-04
1.188771287508451840e-04
1.134693178977941015e-04
8.975027620696036565e-05
4.714185623314896600e-05
-1.230796094890939654e-05
-8.362108049433360170e-05
-1.591551304331054412e-04
-2.294824559568951880e-04
-2.847731173141576752e-04
-3.164342498692486504e-04
-3.186728049580704017e-04
-2.896423361011917484e-04
-2.319118516005819728e-04
-1.521378848780198403e-04
-5.999429692101103449e-05
3.342526089023582602e-05
1.174088565829263189e-04
1.832765925934808082e-04
2.255738215136262670e-04
2.426156829070052036e-04
2.363395578063180237e-04
2.115665725190347577e-04
1.748804681910210335e-04
1.333805396154608494e-04
9.355044785990429719e-05
6.041880683702499687e-05
3.709475082734541387e-05
2.467043024424905073e-05
2.241617912211344319e-05
2.816531765968348204e-05
3.879263281145624829e-05
5.072009657951221219e-05
6.041608720938835745e-05
6.487304764553122470e-05
6.204478838379199701e-05
5.120233357296486581e-05
3.314077505417931509e-05
1.015818890093894149e-05
-1.425311984435381027e-05
-3.600836896351936251e-05
-5.125093216024086124e-05
-5.723643054690817622e-05
-5.307082009519641498e-05
-4.009123562551661547e-05
-2.173994272492780472e-05
-2.898103139853652823e-06
1.121064630135151021e-05
1.630649630948338192e-05
1.021230338930867739e-05
-6.428299775255613012e-06
-3.009574087591104476e-05
-5.506588249715747895e-05
-7.468543544414713736e-05
-8.296526073415199081e-05
-7.610968365417518095e-05
-5.360007021102355425e-05
-1.854913473923321010e-05
2.278544037665617474e-05
6.223736277220038920e-05
