0.000000000000000000e+00
-2.478548251426268152e-54
6.334402032175240875e-54
7.014941658907319181e-52
-8.528602515272042139e-51
4.021338894822113230e-50
-1.284267548001001527e-49
1.758743658808233194e-49
7.230530614462733377e-48
-5.847882106552693633e-47
-1.710238280773977784e-47
1.489244534308844298e-45
-1.877403957062387299e-45
-2.297476503834403666e-44
3.706938367160941154e-44
2.862376100148745514e-43
-3.715062294767903244e-43
-3.105650554148940948e-42
1.704736088853311431e-42
2.874650470492382925e-41
1.176546675518519126e-41
-2.124031570014438903e-40
-3.325249038116060052e-40
1.078166355109814392e-39
3.735838566542952555e-39
-1.448790639430314967e-39
-2.555779834916427826e-38
-3.395360932578046653e-38
8.700249142414498644e-38
3.392528785467236376e-37
1.659378593253897290e-37
-1.287324247972564480e-36
-2.693852387106318970e-36
1.126009051116884908e-36
7.052915325051419648e-36
-2.227477312086618818e-35
-1.018737637187017819e-34
1.232969615851181565e-34
1.753682761549822511e-33
4.635258523245323213e-33
-1.815145282288525503e-33
-5.024963038043315901e-32
-1.570145247346656647e-31
-1.049840369450379232e-31
9.553974217575506507e-31
4.103963099840297166e-30
6.273792719662469097e-30
-1.084994996620028909e-29
-8.394227943140135931e-29
-1.970055482670236685e-28
-3.445640577074359135e-29
1.296657173726888824e-27
4.442003809634892452e-27
5.400766396880509677e-27
-1.253228855176055510e-26
-7.509964356246292462e-26
-1.557956668066247725e-25
-1.564546056029192449e-26
9.049202008779140443e-25
2.869329195074723634e-24
3.436527079547004154e-24
-6.042294105799156958e-24
-3.729708121576063490e-23
-7.754106083685723103e-23
-2.814423683853368344e-23
3.249634892536005452e-22
1.084097438889965948e-21
1.466979196644259094e-21
-1.200880737348494265e-21
-1.050808868185458763e-20
-2.349042071781258558e-20
-1.496497107035410932e-20
6.999234215518205337e-20
2.631486836306609848e-19
3.919139227213067035e-19
-1.788394397147171890e-19
-2.431480993020158476e-18
-6.169406926309501606e-18
-6.129140044739110440e-18
1.246690632194176176e-17
6.969852159951147866e-17
1.593168294030805366e-16
1.747115923917553586e-16
-1.703238553690921622e-16
-1.243960453212816016e-15
-2.799113583700392665e-15
-2.061541544960847734e-15
9.690710322327347128e-15
5.032178073256577333e-14
1.408340083565698265e-13
2.570649778106677960e-13
1.279775824450045343e-13
-1.461800620255451999e-12
-8.803416624985484086e-12
-3.503471800347382620e-11
-1.157420561314733308e-10
-3.357369921615023528e-10
-8.680367755030051584e-10
-1.991484350070981996e-09
-3.952186217326719239e-09
-6.284875681931733188e-09
-5.691979311357312862e-09
9.351562328477351317e-09
7.052706840454573016e-08
2.531942372418283532e-07
7.181785824770561365e-07
1.778703341349426457e-06
3.996233808487119953e-06
8.300345254889217740e-06
1.611199985263531956e-05
2.942763860801899935e-05
5.079820128437502225e-05
8.312258071596329392e-05
1.291829279796807936e-04
1.908929290815364105e-04
2.683151071108965768e-04
3.586189700087336020e-04
4.552675864680109583e-04
5.477879953988696584e-04
6.224495564584296443e-04
6.640118189394711911e-04
6.584197485935293272e-04
5.959837010700526133e-04
4.742945989261447863e-04
3.000144697590115066e-04
8.883612103795846579e-05
-1.366712595055237251e-04
-3.510189922663585222e-04
-5.306623639696923800e-04
-6.585101662065373116e-04
-7.268331328905625662e-04
-7.377534588697201709e-04
-7.012315099834641723e-04
-6.312687113855280007e-04
-5.416339824020067724e-04
-4.425662029006026009e-04
-3.395252310031032826e-04
-2.342701055781584035e-04
-1.276161529871890174e-04
-2.252067235935457435e-05
7.403097421795924173e-05
1.514094831151124496e-04
1.981181295718169289e-04
2.060108441141892874e-04
1.742550725316738681e-04
1.112701076734238170e-04
3.355023544934655885e-05
-3.853329689569759376e-05
-8.664415916098257655e-05
-1.000633914859724584e-04
-7.895128823839129520e-05
-3.411591596057678290e-05
1.663818416348838611e-05
5.432900652876598651e-05
6.485485965812963385e-05
4.338657477891722528e-05
-4.168508384402570100e-06
-6.292486100712114613e-05
-1.133460263752030423e-04
-1.368312739274449004e-04
-1.210132008295971488e-04
-6.338755748675072737e-05
2.761883373250721913e-05
1.343694214695132752e-04
2.340565023907055443e-04
3.040108153755357646e-04
3.269332825147170871e-04
2.947618703950279626e-04
2.103045337608071979e-04
8.641390311645091393e-05
-5.686524662540647654e-05
-1.962975139905398893e-04
-3.096170908330610032e-04
-3.790596744652615312e-04
-3.938481955659944161e-04
-3.515523780498172927e-04
-2.584073767879063168e-04
-1.286526224413272004e-04
1.715489899662648592e-05
1.549281909547188117e-04
2.608510850999938243e-04
3.157552714607199796e-04
3.092370897918797360e-04
2.424376580928326390e-04
1.285086238866671243e-04
-9.722405183691179025e-06
-1.446015236419512587e-04
-2.499279367938622037e-04
-3.070418688682925029e-04
-3.090462966123453032e-04
-2.619689012009772432e-04
-1.825456726624468155e-04
-9.329324012131819045e-05
-1.631164098397367955e-05
3.242055649268008722e-05
4.671431150476650757e-05
3.091638181356301871e-05
-2.277786493247583125e-06
-3.614276195356880988e-05
-5.504673112922939845e-05
-4.893670143582868498e-05
-1.602504227001983424e-05
3.691640424928535602e-05
9.657578402035391790e-05
1.467613783053653051e-04
1.726596317731927358e-04
1.645773976171192496e-04
1.202751131828449556e-04
4.542646028796017366e-05
-4.775409480352497217e-05
-1.432329705314778839e-04
-2.244785550178961047e-04
-2.775889511321111671e-04
-2.935939616635022272e-04
-2.695867997011693160e-04
-2.086571908058238638e-04
-1.188540158828852686e-04
-1.155052101940106746e-05
1.003901531573605116e-04
2.043208242063391600e-04
2.891795851689522791e-04
3.464421150649283710e-04
3.706772551135287469e-04
3.597808789012256979e-04
3.149678594427196641e-04
2.405675798656086437e-04
1.436186314128346756e-04
3.322385243150333790e-05
-8.036516731607506461e-05
-1.869041428323538255e-04
-2.774246334523701668e-04
-3.453920148497774704e-04
-3.874884944385175410e-04
-4.038061407497533129e-04
-3.973767486545409875e-04
-3.731581746022982846e-04
-3.367681519347597344e-04
-2.933331251337327537e-04
-2.467614587905979785e-04
-1.995737031331852563e-04
-1.531977554151072753e-04
-1.084601791726532783e-04
-6.595641850401494789e-05
-2.608712805586229340e-05
1.123965323036904474e-05
4.701854813344342229e-05
8.332450347379008785e-05
1.229605645284998221e-04
1.684914688329975133e-04
2.208773083179514304e-04
2.781785453804404263e-04
3.348990977740919843e-04
3.824066913081029502e-04
4.105455298526292270e-04
4.101427398791253104e-04
3.757553227489132306e-04
3.078415524534015434e-04
2.136374833762964831e-04
1.063529990161985296e-04
2.769439608353494599e-06
-8.022364418613471342e-05
-1.293096135995273129e-04
-1.377310997953214340e-04
-1.068457345344060348e-04
-4.587777174674644563e-05
3.006661802964345314e-05
1.032493837892048302e-04
1.570740715956932352e-04
1.795532905065509645e-04
1.657391570713746310e-04
1.186324815670024735e-04
4.841872886134019537e-05
-2.977502161659515670e-05
-9.911444167038013298e-05
-1.446074175163167058e-04
-1.562402789802618062e-04
-1.310641879253714355e-04
-7.381255915072291952e-05
4.068106376185561526e-06
8.676549046376741891e-05
1.573343118762766165e-04
2.011405473504646372e-04
2.088033706772477664e-04
1.780333487943604675e-04
1.140046844400105963e-04
2.821232339600459666e-05
-6.391786743237220624e-05
-1.461448184777037324e-04
-2.045969519270864772e-04
-2.303746258842996966e-04
-2.210595224123026927e-04
-1.808607757489756899e-04
-1.194155995499823276e-04
-4.953829270217030751e-05
1.557839385718474281e-05
6.510159697791732120e-05
9.265075032122602433e-05
9.730385703923886661e-05
8.331923890696341908e-05
5.866490245022977875e-05
3.272506017974150276e-05
1.375290163377286797e-05
6.707651845511543396e-06
1.202666946165730482e-05
2.565224418839753416e-05
4.031003243148240464e-05
4.770351306555945274e-05
4.103699230692866163e-05
1.718163077638884466e-05
-2.211294324325749878e-05
-7.030519402329870097e-05
-1.174403789547977722e-04
-1.524680040996500674e-04
-1.658977332450350299e-04
-1.521145869742713131e-04
-1.107806241876894569e-04
-4.700480555225840853e-05
2.971250398937808637e-05
1.074521094742838731e-04
1.742581479841553093e-04
2.203695169690175521e-04
2.398322171824026944e-04
2.312196515900969383e-04
1.974225917154148876e-04
1.446792682629210612e-04
8.115138044533100987e-05
1.539423698688971245e-05
-4.497291979177775207e-05
-9.418939468635200340e-05
-1.287824689415532605e-04
-1.475305166093442979e-04
-1.510705078599663498e-04
-1.413074904061412812e-04
-1.207937236908440611e-04
-9.222325895574461183e-05
-5.814052468224769748e-05
-2.089681610356229017e-05
1.718308981815920490e-05
5.352682777274505872e-05
8.507736379083768996e-05
1.082417539436948656e-04
1.191337205376885551e-04
1.141365105366834920e-04
9.070840805942111866e-05
4.825516306647045366e-05
-1.116724668409715376e-05
-8.255569767137141066e-05
-1.582354850484293785e-04
-2.287488169830913937e-04
-2.842445241899300263e-04
-3.161197885757565740e-04
-3.185807324325690788e-04
-2.897837071330169097e-04
-2.322974266939459526e-04
-1.527695177234486665e-04
-6.085399790172449813e-05
3.238439492045292091e-05
1.162659525989753539e-04
1.821381614178808623e-04
2.245606607757463802e-04
2.418438319711886599e-04
2.358994736573126710e-04
2.115054643203031419e-04
1.751921739898837111e-04
1.340055901321943069e-04
9.438651098224055676e-05
6.133921350706701009e-05
3.797094688745786414e-05
2.539346875274756777e-05
2.291292156392761375e-05
2.840663321251778176e-05
3.879305048516890802e-05
5.053041384923049169e-05
6.011177841362567244e-05
6.454161078598949811e-05
6.177444660667127702e-05
5.107314077638016057e-05
3.321775105281546376e-05
1.048522093201727790e-05
-1.365984412596918774e-05
-3.516766486705849370e-05
-5.022338562123195780e-05
-5.612788745034366677e-05
-5.202915519739416747e-05
-3.929353600907806301e-05
-2.136919578300896749e-05
-3.111425344853410265e-06
1.031706614164638584e-05
1.472822886813036173e-05
8.055119404752334502e-06
-8.949045208794178814e-06
-3.267790112572973909e-05
-5.736374381508477401e-05
-7.636660116424900350e-05
-8.377053647255858909e-05
-7.590363935638179708e-05
-5.240107350134461361e-05
-1.653143148921910202e-05
2.531936342329609834e-05
6.490961861043505112e-05
