    0.000000    0.000000
    0.000000    0.000000
    0.000000    0.000000
    0.000000    0.000000
    0.000000    0.000000
    0.000000    0.000000
    0.000000    0.000000
    0.000000    0.000000
    0.000000    0.000000
    0.000000    0.000000
    0.000000    0.000000
    0.000000    0.000000
    0.000000    0.000000
    0.000000    0.000000
    0.000000    0.000000
    0.000000    0.000000
    0.000000    0.000000
    0.000000    0.000000
    0.000000    0.000000
    0.000000    0.000000
    0.000000    0.000000
    0.000000    0.000000
    0.000000    0.000000
    0.000000    0.000000
    0.000000    0.000000
    0.000000    0.000000
    0.000000    0.000000
    0.000000    0.000000
    0.000000    0.000000
    0.000000    0.000000
    0.000000    0.000000
    0.000000    0.000000
    0.000000    0.000000
    0.000000    0.000000
    0.000000    0.000000
    0.000000    0.000000
    0.000000    0.000000
    0.000000    0.000000
    0.000000    0.000000
    0.000000    0.000000
    0.000000    0.000000
    0.000000    0.000000
    0.000000    0.000000
    0.000000    0.000000
    0.000000    0.000000
    0.000000    0.000000
    0.000000    0.000000
    0.000000    0.000000
    0.000000    0.000000
    0.000000    0.000000
    0.000000    0.000000
    0.000000    0.000000
    0.000000    0.000000
    0.000000    0.000000
    0.000000    0.000000
    0.000000    0.000000
    0.000000    0.000000
    0.000000    0.000000
    0.000000    0.000000
   -0.000000    0.000000
   -0.000000    0.000000
   -0.000000    0.000000
   -0.000000    0.000000
   -0.000000    0.000000
   -0.000000    0.000000
   -0.000000    0.000000
   -0.000000    0.000000
   -0.000000    0.000000
   -0.000000    0.000000
   -0.000000    0.000000
   -0.000000    0.000000
   -0.000000    0.000000
   -0.000000    0.000000
   -0.000000    0.000000
   -0.000000    0.000000
   -0.000000    0.000000
   -0.000000    0.000000
   -0.000000    0.000000
   -0.000000    0.000000
   -0.000000    0.000000
   -0.000000    0.000000
   -0.000000    0.000000
   -0.000000    0.000000
   -0.000000    0.000000
   -0.000000    0.000000
   -0.000000    0.000000
   -0.000000    0.000000
   -0.000000    0.000000
   -0.000000    0.000000
   -0.000000    0.000000
   -0.000000    0.000000
   -0.000000    0.000000
   -0.000000    0.000000
   -0.000000    0.000000
   -0.000000    0.000000
   -0.000000    0.000000
   -0.000000    0.000000
   -0.000000    0.000000
   -0.000000    0.000000
   -0.000000    0.000000
   -0.000000    0.000000
   -0.000000    0.000000
   -0.000000    0.000000
   -0.000000    0.000000
   -0.000000    0.000000
   -0.000000    0.000000
   -0.000000    0.000000
   -0.000000    0.000000
   -0.000000    0.000000
   -0.000000    0.000000
   -0.000000    0.000000
   -0.000000    0.000000
   -0.000000    0.000000
   -0.000000    0.000000
   -0.000000    0.000000
   -0.000000    0.000000
   -0.000000    0.000000
   -0.000000    0.000000
   -0.000000    0.000000
   -0.000000    0.000000
   -0.000000    0.000000
   -0.000000    0.000000
   -0.000000    0.000000
   -0.000000    0.000000
   -0.000000    0.000000
   -0.000000    0.000000
   -0.000000    0.000000
   -0.000000    0.000000
   -0.000000    0.000000
   -0.000000    0.000000
   -0.000000    0.000000
   -0.000000    0.000000
   -0.000000    0.000000
   -0.000000    0.000000
   -0.000000    0.000000
   -0.000000    0.000000
   -0.000000    0.000000
   -0.000000    0.000000
   -0.000000    0.000000
   -0.000000    0.000000
   -0.000000    0.000000
   -0.000000    0.000000
   -0.000000    0.000000
   -0.000000    0.000000
   -0.000000    0.000000
   -0.000000    0.000000
   -0.000000    0.000000
   -0.000000    0.000000
   -0.000000    0.000000
   -0.000000    0.000000
   -0.000000    0.000000
   -0.000000    0.000000
   -0.000000    0.000000
   -0.000000    0.000000
   -0.000000    0.000000
   -0.000000    0.000000
   -0.000000    0.000000
   -0.000000    0.000000
   -0.000000    0.000000
   -0.000000    0.000000
   -0.000000    0.000000
   -0.000000    0.000000
   -0.000000    0.000000
   -0.000000   -0.000000
   -0.000000   -0.000000
   -0.000000   -0.000000
    0.000000   -0.000000
    0.000000   -0.000000
    0.000000   -0.000000
    0.000000   -0.000000
    0.000000   -0.000000
    0.000000   -0.000000
    0.000000   -0.000000
    0.000000   -0.000000
    0.000000   -0.000000
    0.000000   -0.000000
    0.000000   -0.000000
    0.000000   -0.000000
    0.000000   -0.000000
    0.000000   -0.000000
    0.000000   -0.000000
    0.000000   -0.000000
    0.000000   -0.000000
    0.000000   -0.000000
    0.000000   -0.000000
    0.000000   -0.000000
    0.000000   -0.000000
    0.000000   -0.000000
    0.000000   -0.000000
    0.000000   -0.000000
    0.000000   -0.000000
    0.000000   -0.000000
    0.000000   -0.000000
    0.000000   -0.000000
   -0.000000   -0.000000
   -0.000000    0.000000
   -0.000000    0.000000
   -0.000000    0.000000
   -0.000000    0.000000
   -0.000000    0.000000
   -0.000000    0.000000
   -0.000000    0.000000
   -0.000000    0.000000
   -0.000000    0.000000
   -0.000000    0.000000
   -0.000000    0.000000
   -0.000000    0.000000
   -0.000000    0.000000
   -0.000000    0.000000
   -0.000000    0.000000
   -0.000000    0.000000
    0.000000   -0.000000
    0.000000   -0.000000
    0.000000   -0.000000
    0.000000   -0.000000
    0.000000   -0.000000
    0.000000   -0.000000
    0.000000   -0.000000
    0.000000   -0.000000
    0.000000   -0.000000
    0.000000   -0.000000
    0.000000   -0.000000
    0.000000   -0.000000
    0.000000   -0.000000
    0.000000   -0.000000
    0.000000   -0.000000
    0.000000   -0.000000
   -0.000000   -0.000000
   -0.000000   -0.000000
   -0.000000   -0.000000
   -0.000000   -0.000000
   -0.000000   -0.000000
   -0.000000   -0.000000
   -0.000000   -0.000000
   -0.000000   -0.000000
   -0.000000   -0.000000
   -0.000000   -0.000000
   -0.000000   -0.000000
   -0.000000   -0.000000
   -0.000000   -0.000000
   -0.000000   -0.000000
    0.000000   -0.000000
    0.000000   -0.000000
    0.000000   -0.000000
    0.000000   -0.000000
    0.000000   -0.000000
    0.000000   -0.000000
    0.000000   -0.000000
    0.000000   -0.000000
    0.000000   -0.000000
    0.000000   -0.000000
    0.000000   -0.000000
    0.000000   -0.000000
    0.000000   -0.000000
    0.000000   -0.000000
   -0.000000   -0.000000
   -0.000000   -0.000000
   -0.000000    0.000000
   -0.000000    0.000000
   -0.000000    0.000000
   -0.000000    0.000000
   -0.000000    0.000000
   -0.000000    0.000000
   -0.000000   -0.000000
   -0.000000   -0.000000
   -0.000000   -0.000000
   -0.000000   -0.000000
   -0.000000   -0.000000
   -0.000000   -0.000000
   -0.000000   -0.000000
   -0.000000   -0.000000
   -0.000000   -0.000000
    0.000000   -0.000000
    0.000000   -0.000000
    0.000000   -0.000000
    0.000000    0.000000
    0.000000    0.000000
    0.000000    0.000000
    0.000000    0.000000
    0.000000    0.000000
    0.000000    0.000000
    0.000000    0.000000
    0.000000    0.000000
    0.000000    0.000000
    0.000000    0.000000
    0.000000    0.000000
    0.000000    0.000000
    0.000000    0.000000
    0.000000    0.000000
   -0.000000    0.000000
   -0.000000    0.000000
   -0.000000    0.000000
   -0.000000   -0.000000
   -0.000000   -0.000000
   -0.000000   -0.000000
   -0.000000   -0.000000
   -0.000000   -0.000000
   -0.000000   -0.000000
   -0.000000   -0.000000
   -0.000000   -0.000000
   -0.000000   -0.000000
   -0.000000   -0.000000
   -0.000000   -0.000000
   -0.000000   -0.000000
   -0.000000   -0.000000
   -0.000000   -0.000000
   -0.000000   -0.000000
    0.000000   -0.000000
    0.000000    0.000000
    0.000000    0.000000
    0.000000    0.000000
    0.000000    0.000000
    0.000000    0.000000
    0.000000    0.000000
    0.000000    0.000000
    0.000000    0.000000
    0.000000    0.000000
    0.000000    0.000000
    0.000000    0.000000
    0.000000    0.000000
    0.000000    0.000000
    0.000000    0.000000
    0.000000    0.000000
    0.000000    0.000000
    0.000000   -0.000000
    0.000000   -0.000000
    0.000000   -0.000000
    0.000000   -0.000000
    0.000000   -0.000000
   -0.000000   -0.000000
   -0.000000   -0.000000
   -0.000000   -0.000000
   -0.000000   -0.000000
    0.000000   -0.000000
    0.000000   -0.000000
    0.000000    0.000000
    0.000000    0.000000
    0.000000    0.000000
    0.000000    0.000000
    0.000000    0.000000
    0.000000    0.000000
    0.000000    0.000000
    0.000000    0.000000
    0.000000    0.000000
    0.000000    0.000000
    0.000000    0.000000
    0.000000    0.000000
    0.000000    0.000000
    0.000000    0.000000
    0.000000    0.000000
    0.000000    0.000000
    0.000000    0.000000
   -0.000000   -0.000000
   -0.000000   -0.000000
   -0.000000   -0.000000
   -0.000000   -0.000000
   -0.000000   -0.000000
   -0.000000   -0.000000
   -0.000000   -0.000000
   -0.000000   -0.000000
   -0.000000   -0.000000
   -0.000000   -0.000000
   -0.000000   -0.000000
   -0.000000   -0.000000
   -0.000000   -0.000000
   -0.000000   -0.000000
   -0.000000   -0.000000
   -0.000000   -0.000000
   -0.000000    0.000000
   -0.000000    0.000000
    0.000000    0.000000
    0.000000    0.000000
    0.000000    0.000000
    0.000000    0.000000
    0.000000    0.000000
    0.000000    0.000000
    0.000000    0.000000
    0.000000    0.000000
    0.000000    0.000000
    0.000000    0.000000
    0.000000    0.000000
    0.000000    0.000000
    0.000000    0.000000
    0.000000    0.000000
    0.000000   -0.000000
    0.000000   -0.000000
    0.000000   -0.000000
    0.000000   -0.000000
    0.000000   -0.000000
    0.000000   -0.000000
    0.000000   -0.000000
    0.000000   -0.000000
    0.000000   -0.000000
    0.000000   -0.000000
   -0.000000   -0.000000
   -0.000000   -0.000000
   -0.000000   -0.000000
   -0.000000   -0.000000
   -0.000000    0.000000
   -0.000000    0.000000
   -0.000000    0.000000
   -0.000000    0.000000
   -0.000000    0.000000
   -0.000000    0.000000
   -0.000000    0.000000
   -0.000000    0.000000
   -0.000000    0.000000
   -0.000000    0.000000
   -0.000000    0.000000
   -0.000000    0.000000
   -0.000000    0.000000
   -0.000000    0.000000
    0.000000   -0.000000
    0.000000   -0.000000
    0.000000   -0.000000
    0.000000   -0.000000
    0.000000   -0.000000
    0.000000   -0.000000
    0.000000   -0.000000
    0.000000   -0.000000
    0.000000   -0.000000
    0.000000   -0.000000
    0.000000   -0.000000
    0.000000   -0.000000
    0.000000   -0.000000
    0.000000   -0.000000
    0.000000   -0.000000
    0.000000   -0.000000
   -0.000000    0.000000
   -0.000000    0.000000
   -0.000000    0.000000
   -0.000000    0.000000
   -0.000000    0.000000
   -0.000000    0.000000
   -0.000000    0.000000
   -0.000000    0.000000
   -0.000000    0.000000
   -0.000000    0.000000
   -0.000000    0.000000
   -0.000000    0.000000
   -0.000000    0.000000
   -0.000000    0.000000
   -0.000000    0.000000
   -0.000000    0.000000
   -0.000000    0.000000
    0.000000   -0.000000
    0.000000   -0.000000
    0.000000   -0.000000
    0.000000   -0.000000
    0.000000   -0.000000
    0.000000   -0.000000
    0.000000   -0.000000
    0.000000   -0.000000
    0.000000   -0.000000
    0.000000   -0.000000
    0.000000   -0.000000
    0.000000   -0.000000
    0.000000   -0.000000
    0.000000   -0.000000
    0.000000   -0.000000
    0.000000   -0.000000
   -0.000000   -0.000000
   -0.000000   -0.000000
   -0.000000    0.000000
   -0.000000    0.000000
   -0.000000    0.000000
   -0.000000    0.000000
   -0.000000    0.000000
   -0.000000    0.000000
   -0.000000    0.000000
   -0.000000    0.000000
   -0.000000    0.000000
   -0.000000    0.000000
   -0.000000    0.000000
   -0.000000    0.000000
   -0.000000    0.000000
   -0.000000    0.000000
    0.000000    0.000000
    0.000000    0.000000
    0.000000    0.000000
    0.000000   -0.000000
    0.000000   -0.000000
    0.000000   -0.000000
    0.000000   -0.000000
    0.000000   -0.000000
    0.000000   -0.000000
    0.000000   -0.000000
    0.000000   -0.000000
    0.000000   -0.000000
    0.000000   -0.000000
    0.000000   -0.000000
    0.000000   -0.000000
    0.000000   -0.000000
    0.000000   -0.000000
   -0.000000   -0.000000
   -0.000000   -0.000000
   -0.000000   -0.000000
   -0.000000    0.000000
   -0.000000    0.000000
   -0.000000    0.000000
   -0.000000    0.000000
   -0.000000    0.000000
   -0.000000    0.000000
   -0.000000    0.000000
   -0.000000    0.000000
   -0.000000    0.000000
   -0.000000    0.000000
   -0.000000    0.000000
   -0.000000    0.000000
   -0.000000    0.000000
   -0.000000    0.000000
   -0.000000    0.000000
    0.000000    0.000000
    0.000000    0.000000
    0.000000    0.000000
    0.000000   -0.000000
    0.000000   -0.000000
    0.000000   -0.000000
    0.000000   -0.000000
    0.000000   -0.000000
    0.000000   -0.000000
    0.000000   -0.000000
    0.000000   -0.000000
    0.000000   -0.000000
    0.000000   -0.000000
    0.000000   -0.000000
    0.000000   -0.000000
    0.000000   -0.000000
    0.000000   -0.000000
    0.000000   -0.000000
    0.000000   -0.000000
   -0.000000   -0.000000
   -0.000000   -0.000000
   -0.000000   -0.000000
   -0.000000    0.000000
   -0.000000    0.000000
   -0.000000    0.000000
   -0.000000    0.000000
   -0.000000    0.000000
   -0.000000    0.000000
   -0.000000    0.000000
   -0.000000    0.000000
   -0.000000    0.000000
   -0.000000    0.000000
   -0.000000    0.000000
   -0.000000    0.000000
   -0.000000    0.000000
   -0.000000    0.000000
   -0.000000    0.000000
   -0.000000    0.000000
   -0.000000    0.000000
    0.000000    0.000000
    0.000000    0.000000
    0.000000    0.000000
    0.000000   -0.000000
    0.000000   -0.000000
    0.000000   -0.000000
    0.000000   -0.000000
    0.000000   -0.000000
    0.000000   -0.000000
    0.000000   -0.000000
    0.000000   -0.000000
    0.000000   -0.000000
    0.000000   -0.000000
    0.000000   -0.000000
    0.000000   -0.000000
    0.000000   -0.000000
    0.000000   -0.000000
    0.000000   -0.000000
    0.000000   -0.000000
    0.000000   -0.000000
   -0.000000   -0.000000
   -0.000000   -0.000000
   -0.000000    0.000000
   -0.000000    0.000000
   -0.000000    0.000000
   -0.000000    0.000000
   -0.000000    0.000000
   -0.000000    0.000000
   -0.000000    0.000000
   -0.000000    0.000000
   -0.000000    0.000000
   -0.000000    0.000000
   -0.000000    0.000000
   -0.000000    0.000000
   -0.000000    0.000000
   -0.000000    0.000000
   -0.000000    0.000000
   -0.000000    0.000000
    0.000000    0.000000
    0.000000    0.000000
    0.000000   -0.000000
    0.000000   -0.000000
    0.000000   -0.000000
    0.000000   -0.000000
    0.000000   -0.000000
    0.000000   -0.000000
    0.000000   -0.000000
    0.000000   -0.000000
    0.000000   -0.000000
    0.000000   -0.000000
    0.000000   -0.000000
    0.000000   -0.000000
    0.000000   -0.000000
    0.000000   -0.000000
    0.000000   -0.000000
    0.000000   -0.000000
   -0.000000   -0.000000
   -0.000000    0.000000
   -0.000000    0.000000
   -0.000000    0.000000
   -0.000000    0.000000
   -0.000000    0.000000
   -0.000000    0.000000
   -0.000000    0.000000
   -0.000000    0.000000
   -0.000000    0.000000
   -0.000000    0.000000
   -0.000000    0.000000
   -0.000000    0.000000
   -0.000000    0.000000
   -0.000000    0.000000
   -0.000000    0.000000
   -0.000000    0.000000
   -0.000000    0.000000
    0.000000    0.000000
    0.000000    0.000000
    0.000000   -0.000000
    0.000000   -0.000000
    0.000000   -0.000000
    0.000000   -0.000000
    0.000000   -0.000000
    0.000000   -0.000000
    0.000000   -0.000000
    0.000000   -0.000000
    0.000000   -0.000000
    0.000000   -0.000000
    0.000000   -0.000000
    0.000000   -0.000000
    0.000000   -0.000000
    0.000000   -0.000000
    0.000000   -0.000000
    0.000000   -0.000000
    0.000000   -0.000000
   -0.000000   -0.000000
   -0.000000   -0.000000
   -0.000000   -0.000000
   -0.000000    0.000000
   -0.000000    0.000000
   -0.000000    0.000000
   -0.000000    0.000000
   -0.000000    0.000000
   -0.000000    0.000000
   -0.000000    0.000000
   -0.000000    0.000000
   -0.000000    0.000000
   -0.000000    0.000000
   -0.000000    0.000000
   -0.000000    0.000000
   -0.000000    0.000000
   -0.000000    0.000000
   -0.000000    0.000000
   -0.000000    0.000000
   -0.000000    0.000000
    0.000000    0.000000
    0.000000    0.000000
    0.000000    0.000000
    0.000000   -0.000000
    0.000000   -0.000000
    0.000000   -0.000000
    0.000000   -0.000000
    0.000000   -0.000000
    0.000000   -0.000000
    0.000000   -0.000000
    0.000000   -0.000000
    0.000000   -0.000000
    0.000000   -0.000000
    0.000000   -0.000000
    0.000000   -0.000000
    0.000000   -0.000000
    0.000000   -0.000000
    0.000000   -0.000000
    0.000000   -0.000000
    0.000000   -0.000000
    0.000000   -0.000000
    0.000000   -0.000000
   -0.000000   -0.000000
   -0.000000   -0.000000
   -0.000000   -0.000000
   -0.000000    0.000000
   -0.000000    0.000000
   -0.000000    0.000000
   -0.000000    0.000000
   -0.000000    0.000000
   -0.000000    0.000000
   -0.000000    0.000000
   -0.000000    0.000000
   -0.000000    0.000000
   -0.000000    0.000000
   -0.000000    0.000000
   -0.000000    0.000000
   -0.000000    0.000000
   -0.000000    0.000000
   -0.000000    0.000000
   -0.000000    0.000000
   -0.000000    0.000000
   -0.000000    0.000000
   -0.000000    0.000000
   -0.000000    0.000000
    0.000000    0.000000
    0.000000    0.000000
    0.000000    0.000000
    0.000000    0.000000
    0.000000   -0.000000
    0.000000   -0.000000
    0.000000   -0.000000
    0.000000   -0.000000
    0.000000   -0.000000
    0.000000   -0.000000
    0.000000   -0.000000
    0.000000   -0.000000
    0.000000   -0.000000
    0.000000   -0.000000
    0.000000   -0.000000
    0.000000   -0.000000
    0.000000   -0.000000
    0.000000   -0.000000
    0.000000   -0.000000
    0.000000   -0.000000
    0.000000   -0.000000
    0.000000   -0.000000
    0.000000   -0.000000
    0.000000   -0.000000
    0.000000   -0.000000
    0.000000   -0.000000
    0.000000   -0.000000
   -0.000000   -0.000000
   -0.000000   -0.000000
   -0.000000   -0.000000
   -0.000000   -0.000000
   -0.000000    0.000000
   -0.000000    0.000000
   -0.000000    0.000000
   -0.000000    0.000000
   -0.000000    0.000000
   -0.000000    0.000000
   -0.000000    0.000000
   -0.000000    0.000000
   -0.000000    0.000000
   -0.000000    0.000000
   -0.000000    0.000000
   -0.000000    0.000000
   -0.000000    0.000000
   -0.000000    0.000000
   -0.000000    0.000000
   -0.000000    0.000000
   -0.000000    0.000000
   -0.000000    0.000000
   -0.000000    0.000000
   -0.000000    0.000000
   -0.000000    0.000000
   -0.000000    0.000000
   -0.000000    0.000000
   -0.000000    0.000000
   -0.000000    0.000000
   -0.000000    0.000000
   -0.000000    0.000000
   -0.000000    0.000000
   -0.000000    0.000000
    0.000000    0.000000
    0.000000    0.000000
    0.000000    0.000000
    0.000000    0.000000
    0.000000    0.000000
    0.000000    0.000000
    0.000000   -0.000000
    0.000000   -0.000000
    0.000000   -0.000000
    0.000000   -0.000000
    0.000000   -0.000000
    0.000000   -0.000000
    0.000000   -0.000000
    0.000000   -0.000000
    0.000000   -0.000000
    0.000000   -0.000000
    0.000000   -0.000000
    0.000000   -0.000000
    0.000000   -0.000000
    0.000000   -0.000000
    0.000000   -0.000000
    0.000000   -0.000000
    0.000000   -0.000000
    0.000000   -0.000000
    0.000000   -0.000000
    0.000000   -0.000000
    0.000000   -0.000000
    0.000000   -0.000000
    0.000000   -0.000000
    0.000000   -0.000000
    0.000000   -0.000000
    0.000000   -0.000000
    0.000000   -0.000000
    0.000000   -0.000000
    0.000000   -0.000000
    0.000000   -0.000000
    0.000000   -0.000000
    0.000000   -0.000000
    0.000000   -0.000000
    0.000000   -0.000000
    0.000000   -0.000000
    0.000000   -0.000000
    0.000000   -0.000000
    0.000000   -0.000000
    0.000000   -0.000000
    0.000000   -0.000000
    0.000000   -0.000000
    0.000000   -0.000000
    0.000000   -0.000000
    0.000000   -0.000000
    0.000000   -0.000000
    0.000000   -0.000000
    0.000000   -0.000000
    0.000000   -0.000000
    0.000000   -0.000000
    0.000000   -0.000000
    0.000000   -0.000000
    0.000000   -0.000000
    0.000000   -0.000000
    0.000000   -0.000000
    0.000000   -0.000000
    0.000000   -0.000000
    0.000000   -0.000000
    0.000000   -0.000000
    0.000000   -0.000000
    0.000000   -0.000000
    0.000000   -0.000000
    0.000000   -0.000000
    0.000000   -0.000000
    0.000000   -0.000000
    0.000000   -0.000000
    0.000000   -0.000000
    0.000000   -0.000000
    0.000000   -0.000000
    0.000000   -0.000000
    0.000000   -0.000000
    0.000000   -0.000000
    0.000000   -0.000000
    0.000000   -0.000000
    0.000000   -0.000000
    0.000000   -0.000000
    0.000000   -0.000000
    0.000000   -0.000000
    0.000000   -0.000000
    0.000000   -0.000000
    0.000000   -0.000000
    0.000000   -0.000000
    0.000000   -0.000000
    0.000000   -0.000000
    0.000000   -0.000000
    0.000000   -0.000000
    0.000000   -0.000000
    0.000000   -0.000000
    0.000000   -0.000000
    0.000000   -0.000000
    0.000000   -0.000000
    0.000000   -0.000000
    0.000000   -0.000000
    0.000000   -0.000000
    0.000000   -0.000000
    0.000000   -0.000000
    0.000000   -0.000000
    0.000000   -0.000000
    0.000000   -0.000000
    0.000000   -0.000000
    0.000000   -0.000000
    0.000000   -0.000000
    0.000000   -0.000000
    0.000000   -0.000000
    0.000000   -0.000000
    0.000000   -0.000000
    0.000000   -0.000000
    0.000000   -0.000000
    0.000000   -0.000000
    0.000000   -0.000000
    0.000000   -0.000000
    0.000000   -0.000000
    0.000000   -0.000000
    0.000000   -0.000000
    0.000000   -0.000000
    0.000000   -0.000000
    0.000000   -0.000000
    0.000000   -0.000000
    0.000000   -0.000000
    0.000000   -0.000000
    0.000000   -0.000000
    0.000000   -0.000000
    0.000000   -0.000000
    0.000000   -0.000000
    0.000000   -0.000000
    0.000000   -0.000000
    0.000000   -0.000000
    0.000000   -0.000000
    0.000000   -0.000000
    0.000000   -0.000000
    0.000000   -0.000000
    0.000000   -0.000000
    0.000000   -0.000000
    0.000000   -0.000000
    0.000000   -0.000000
    0.000000   -0.000000
    0.000000   -0.000000
    0.000000   -0.000000
    0.000000   -0.000000
    0.000000   -0.000000
    0.000000   -0.000000
    0.000000   -0.000000
    0.000000   -0.000000
    0.000000   -0.000000
    0.000000   -0.000000
    0.000000   -0.000000
    0.000000   -0.000000
    0.000000   -0.000000
    0.000000   -0.000000
    0.000000   -0.000000
    0.000000   -0.000000
    0.000000   -0.000000
    0.000000   -0.000000
    0.000000   -0.000000
    0.000000   -0.000000
    0.000000   -0.000000
    0.000000   -0.000000
    0.000000   -0.000000
    0.000000   -0.000000
    0.000000   -0.000000
    0.000000   -0.000000
    0.000000   -0.000000
    0.000000   -0.000000
    0.000000   -0.000000
    0.000000   -0.000000
    0.000000   -0.000000
    0.000000   -0.000000
    0.000000   -0.000000
    0.000000   -0.000000
    0.000000   -0.000000
    0.000000   -0.000000
    0.000000   -0.000000
    0.000000   -0.000000
    0.000000   -0.000000
    0.000000   -0.000000
    0.000000   -0.000000
    0.000000   -0.000000
    0.000000   -0.000000
    0.000000   -0.000000
    0.000000   -0.000000
    0.000000   -0.000000
    0.000000   -0.000000
    0.000000   -0.000000
    0.000000   -0.000000
    0.000000   -0.000000
    0.000000   -0.000000
    0.000000   -0.000000
    0.000000   -0.000000
    0.000000   -0.000000
    0.000000   -0.000000
    0.000000   -0.000000
    0.000000   -0.000000
    0.000000   -0.000000
    0.000000   -0.000000
    0.000000   -0.000000
    0.000000   -0.000000
    0.000000   -0.000000
    0.000000   -0.000000
    0.000000   -0.000000
    0.000000   -0.000000
    0.000000   -0.000000
    0.000000   -0.000000
    0.000000   -0.000000
    0.000000   -0.000000
    0.000000   -0.000000
    0.000000   -0.000000
    0.000000   -0.000000
    0.000000   -0.000000
    0.000000   -0.000000
    0.000000   -0.000000
    0.000000   -0.000000
    0.000000   -0.000000
    0.000000   -0.000000
    0.000000   -0.000000
    0.000000   -0.000000
    0.000000   -0.000000
    0.000000   -0.000000
    0.000000   -0.000000
    0.000000   -0.000000
    0.000000   -0.000000
    0.000000   -0.000000
    0.000000   -0.000000
    0.000000   -0.000000
    0.000000   -0.000000
    0.000000   -0.000000
    0.000000   -0.000000
    0.000000   -0.000000
    0.000000   -0.000000
    0.000000   -0.000000
    0.000000   -0.000000
    0.000000   -0.000000
    0.000000   -0.000000
    0.000000   -0.000000
    0.000000   -0.000000
    0.000000   -0.000000
    0.000000   -0.000000
    0.000000   -0.000000
    0.000000   -0.000000
    0.000000   -0.000000
    0.000000   -0.000000
    0.000000   -0.000000
    0.000000   -0.000000
    0.000000   -0.000000
    0.000000   -0.000000
    0.000000   -0.000000
    0.000000   -0.000000
    0.000000   -0.000000
    0.000000   -0.000000
    0.000000   -0.000000
    0.000000   -0.000000
    0.000000   -0.000000
    0.000000   -0.000000
    0.000000   -0.000000
    0.000000   -0.000000
    0.000000   -0.000000
    0.000000   -0.000000
    0.000000   -0.000000
    0.000000   -0.000000
    0.000000   -0.000000
    0.000000   -0.000000
    0.000000   -0.000000
    0.000000   -0.000000
    0.000000   -0.000000
    0.000000   -0.000000
    0.000000   -0.000000
    0.000000   -0.000000
    0.000000   -0.000000
    0.000000   -0.000000
    0.000000   -0.000000
    0.000000   -0.000000
    0.000000   -0.000000
    0.000000   -0.000000
    0.000000   -0.000000
    0.000000   -0.000000
    0.000000   -0.000000
    0.000000   -0.000000
    0.000000   -0.000000
    0.000000   -0.000000
    0.000000   -0.000000
    0.000000   -0.000000
    0.000000   -0.000000
    0.000000   -0.000000
    0.000000   -0.000000
    0.000000   -0.000000
    0.000000   -0.000000
    0.000000   -0.000000
    0.000000   -0.000000
    0.000000   -0.000000
    0.000000   -0.000000
    0.000000   -0.000000
    0.000000   -0.000000
    0.000000   -0.000000
    0.000000   -0.000000
    0.000000   -0.000000
    0.000000   -0.000000
    0.000000   -0.000000
    0.000000   -0.000000
    0.000000   -0.000000
    0.000000   -0.000000
    0.000000   -0.000000
    0.000000   -0.000000
    0.000000   -0.000000
    0.000000   -0.000000
    0.000000   -0.000000
    0.000000   -0.000000
    0.000000   -0.000000
    0.000000   -0.000000
    0.000000   -0.000000
    0.000000   -0.000000
    0.000000   -0.000000
    0.000000   -0.000000
    0.000000   -0.000000
    0.000000   -0.000000
    0.000000   -0.000000
    0.000000   -0.000000
    0.000000   -0.000000
    0.000000   -0.000000
    0.000000   -0.000000
    0.000000   -0.000000
    0.000000   -0.000000
    0.000000   -0.000000
    0.000000   -0.000000
    0.000000   -0.000000
    0.000000   -0.000000
    0.000000   -0.000000
    0.000000   -0.000000
    0.000000   -0.000000
    0.000000   -0.000000
    0.000000   -0.000000
    0.000000   -0.000000
    0.000000   -0.000000
    0.000000   -0.000000
    0.000000   -0.000000
    0.000000   -0.000000
    0.000000   -0.000000
    0.000000   -0.000000
    0.000000   -0.000000
    0.000000   -0.000000
    0.000000   -0.000000
    0.000000   -0.000000
    0.000000   -0.000000
    0.000000   -0.000000
    0.000000   -0.000000
    0.000000   -0.000000
    0.000000   -0.000000
    0.000000   -0.000000
    0.000000   -0.000000
    0.000000   -0.000000
    0.000000   -0.000000
    0.000000   -0.000000
    0.000000   -0.000000
    0.000000   -0.000000
    0.000000   -0.000000
    0.000000   -0.000000
    0.000000   -0.000000
    0.000000   -0.000000
    0.000000   -0.000000
    0.000000   -0.000000
    0.000000   -0.000000
    0.000000   -0.000000
    0.000000   -0.000000
    0.000000   -0.000000
    0.000000   -0.000000
    0.000000   -0.000000
    0.000000   -0.000000
    0.000000   -0.000000
    0.000000   -0.000000
    0.000000   -0.000000
    0.000000   -0.000000
    0.000000   -0.000000
    0.000000   -0.000000
    0.000000   -0.000000
    0.000000   -0.000000
    0.000000   -0.000000
    0.000000   -0.000000
    0.000000   -0.000000
    0.000000   -0.000000
    0.000000   -0.000000
    0.000000   -0.000000
    0.000000   -0.000000
    0.000000   -0.000000
    0.000000   -0.000000
    0.000000   -0.000000
    0.000000   -0.000000
    0.000000   -0.000000
    0.000000   -0.000000
    0.000000   -0.000000
    0.000000   -0.000000
    0.000000   -0.000000
    0.000000   -0.000000
    0.000000   -0.000000
    0.000000   -0.000000
    0.000000   -0.000000
    0.000000   -0.000000
    0.000000   -0.000000
    0.000000   -0.000000
    0.000000   -0.000000
    0.000000   -0.000000
    0.000000   -0.000000
    0.000000   -0.000000
    0.000000   -0.000000
    0.000000   -0.000000
    0.000000   -0.000000
    0.000000   -0.000000
    0.000000   -0.000000
    0.000000   -0.000000
    0.000000   -0.000000
    0.000000   -0.000000
    0.000000   -0.000000
    0.000000   -0.000000
    0.000000   -0.000000
    0.000000   -0.000000
    0.000000   -0.000000
    0.000000   -0.000000
    0.000000   -0.000000
    0.000000   -0.000000
    0.000000   -0.000000
    0.000000   -0.000000
    0.000000   -0.000000
    0.000000   -0.000000
    0.000000   -0.000000
    0.000000   -0.000000
    0.000000   -0.000000
    0.000000   -0.000000
    0.000000   -0.000000
    0.000000   -0.000000
    0.000000   -0.000000
    0.000000   -0.000000
    0.000000   -0.000000
    0.000000   -0.000000
    0.000000   -0.000000
    0.000000   -0.000000
    0.000000   -0.000000
    0.000000   -0.000000
    0.000000   -0.000000
    0.000000   -0.000000
    0.000000   -0.000000
    0.000000   -0.000000
    0.000000   -0.000000
    0.000000   -0.000000
    0.000000   -0.000000
    0.000000   -0.000000
    0.000000   -0.000000
    0.000000   -0.000000
    0.000000   -0.000000
    0.000000   -0.000000
    0.000000   -0.000000
    0.000000   -0.000000
    0.000000   -0.000000
    0.000000   -0.000000
    0.000000   -0.000000
    0.000000   -0.000000
    0.000000   -0.000000
    0.000000   -0.000000
    0.000000   -0.000000
    0.000000   -0.000000
    0.000000   -0.000000
    0.000000   -0.000000
    0.000000   -0.000000
    0.000000   -0.000000
    0.000000   -0.000000
    0.000000   -0.000000
    0.000000   -0.000000
    0.000000   -0.000000
    0.000000   -0.000000
    0.000000   -0.000000
    0.000000   -0.000000
    0.000000   -0.000000
    0.000000   -0.000000
    0.000000   -0.000000
    0.000000   -0.000000
    0.000000   -0.000000
    0.000000   -0.000000
    0.000000   -0.000000
    0.000000   -0.000000
    0.000000   -0.000000
    0.000000   -0.000000
    0.000000   -0.000000
    0.000000   -0.000000
    0.000000   -0.000000
    0.000000   -0.000000
    0.000000   -0.000000
    0.000000   -0.000000
    0.000000   -0.000000
    0.000000   -0.000000
    0.000000   -0.000000
    0.000000   -0.000000
    0.000000   -0.000000
    0.000000   -0.000000
    0.000000   -0.000000
    0.000000   -0.000000
    0.000000   -0.000000
    0.000000   -0.000000
    0.000000   -0.000000
    0.000000   -0.000000
    0.000000   -0.000000
    0.000000   -0.000000
    0.000000   -0.000000
    0.000000   -0.000000
    0.000000   -0.000000
    0.000000   -0.000000
    0.000000   -0.000000
    0.000000   -0.000000
    0.000000   -0.000000
    0.000000   -0.000000
    0.000000   -0.000000
    0.000000   -0.000000
    0.000000   -0.000000
    0.000000   -0.000000
    0.000000   -0.000000
    0.000000   -0.000000
    0.000000   -0.000000
    0.000000   -0.000000
    0.000000   -0.000000
    0.000000   -0.000000
    0.000000   -0.000000
    0.000000   -0.000000
    0.000000   -0.000000
    0.000000   -0.000000
    0.000000   -0.000000
    0.000000   -0.000000
    0.000000   -0.000000
    0.000000   -0.000000
    0.000000   -0.000000
    0.000000   -0.000000
    0.000000   -0.000000
    0.000000   -0.000000
    0.000000   -0.000000
    0.000000   -0.000000
    0.000000   -0.000000
    0.000000   -0.000000
    0.000000   -0.000000
    0.000000   -0.000000
    0.000000   -0.000000
    0.000000   -0.000000
    0.000000   -0.000000
    0.000000   -0.000000
    0.000000   -0.000000
    0.000000   -0.000000
    0.000000   -0.000000
    0.000000   -0.000000
    0.000000   -0.000000
    0.000000   -0.000000
    0.000000   -0.000000
    0.000000   -0.000000
    0.000000   -0.000000
    0.000000   -0.000000
    0.000000   -0.000000
    0.000000   -0.000000
    0.000000   -0.000000
    0.000000   -0.000000
    0.000000   -0.000000
    0.000000   -0.000000
    0.000000   -0.000000
    0.000000   -0.000000
    0.000000   -0.000000
    0.000000   -0.000000
    0.000000   -0.000000
    0.000000   -0.000000
    0.000000   -0.000000
    0.000000   -0.000000
    0.000000   -0.000000
    0.000000   -0.000000
    0.000000   -0.000000
    0.000000   -0.000000
    0.000000   -0.000000
    0.000000   -0.000000
    0.000000   -0.000000
    0.000000   -0.000000
    0.000000   -0.000000
    0.000000   -0.000000
    0.000000   -0.000000
    0.000000   -0.000000
    0.000000   -0.000000
    0.000000   -0.000000
    0.000000   -0.000000
    0.000000   -0.000000
    0.000000   -0.000000
    0.000000   -0.000000
    0.000000   -0.000000
    0.000000   -0.000000
    0.000000   -0.000000
    0.000000   -0.000001
    0.000000   -0.000001
    0.000000   -0.000001
    0.000000   -0.000001
    0.000000   -0.000001
    0.000000   -0.000001
    0.000000   -0.000001
    0.000000   -0.000001
    0.000000   -0.000001
    0.000000   -0.000001
    0.000000   -0.000001
    0.000000   -0.000001
    0.000000   -0.000001
    0.000000   -0.000001
    0.000000   -0.000001
    0.000000   -0.000001
    0.000000   -0.000001
    0.000000   -0.000001
    0.000000   -0.000001
    0.000000   -0.000001
    0.000000   -0.000001
    0.000000   -0.000001
    0.000000   -0.000002
    0.000000   -0.000002
    0.000000   -0.000002
    0.000000   -0.000002
    0.000000   -0.000002
    0.000000   -0.000002
    0.000000   -0.000002
    0.000000   -0.000002
    0.000000   -0.000002
    0.000000   -0.000002
    0.000000   -0.000003
    0.000000   -0.000003
    0.000000   -0.000003
    0.000000   -0.000003
    0.000000   -0.000003
    0.000000   -0.000003
    0.000000   -0.000003
    0.000000   -0.000004
    0.000000   -0.000004
    0.000000   -0.000004
    0.000000   -0.000004
    0.000000   -0.000004
    0.000000   -0.000005
    0.000000   -0.000005
    0.000000   -0.000005
    0.000000   -0.000005
    0.000000   -0.000005
    0.000000   -0.000006
    0.000000   -0.000006
    0.000000   -0.000006
    0.000000   -0.000007
    0.000000   -0.000007
    0.000000   -0.000007
    0.000000   -0.000008
    0.000000   -0.000008
    0.000000   -0.000008
    0.000000   -0.000009
    0.000000   -0.000009
    0.000000   -0.000010
    0.000000   -0.000010
    0.000000   -0.000011
    0.000000   -0.000011
    0.000000   -0.000012
    0.000000   -0.000012
    0.000000   -0.000013
    0.000000   -0.000013
    0.000000   -0.000014
    0.000000   -0.000015
    0.000000   -0.000015
    0.000000   -0.000016
    0.000000   -0.000017
    0.000000   -0.000018
    0.000000   -0.000018
    0.000000   -0.000019
    0.000000   -0.000020
    0.000000   -0.000021
    0.000000   -0.000022
    0.000000   -0.000023
    0.000000   -0.000024
    0.000000   -0.000025
    0.000000   -0.000026
    0.000000   -0.000028
    0.000000   -0.000029
    0.000000   -0.000030
    0.000000   -0.000032
    0.000000   -0.000033
    0.000000   -0.000035
    0.000000   -0.000036
    0.000000   -0.000038
    0.000000   -0.000039
    0.000000   -0.000041
    0.000000   -0.000043
    0.000000   -0.000045
    0.000000   -0.000047
    0.000000   -0.000049
    0.000000   -0.000051
    0.000000   -0.000054
    0.000000   -0.000056
    0.000000   -0.000059
    0.000000   -0.000061
    0.000000   -0.000064
    0.000000   -0.000067
    0.000000   -0.000070
    0.000000   -0.000073
    0.000000   -0.000076
    0.000000   -0.000079
    0.000000   -0.000082
    0.000000   -0.000086
    0.000000   -0.000090
    0.000000   -0.000094
    0.000000   -0.000098
    0.000000   -0.000102
    0.000000   -0.000106
    0.000000   -0.000111
    0.000000   -0.000116
    0.000000   -0.000121
    0.000000   -0.000126
    0.000000   -0.000131
    0.000000   -0.000137
    0.000000   -0.000142
    0.000000   -0.000148
    0.000000   -0.000155
    0.000000   -0.000161
    0.000000   -0.000168
    0.000000   -0.000175
    0.000000   -0.000182
    0.000000   -0.000190
    0.000000   -0.000198
    0.000000   -0.000206
    0.000000   -0.000215
    0.000000   -0.000224
    0.000000   -0.000233
    0.000000   -0.000242
    0.000000   -0.000252
    0.000000   -0.000263
    0.000000   -0.000274
    0.000000   -0.000285
    0.000000   -0.000296
    0.000000   -0.000308
    0.000000   -0.000321
    0.000000   -0.000334
    0.000001   -0.000347
    0.000001   -0.000361
    0.000001   -0.000376
    0.000001   -0.000391
    0.000001   -0.000407
    0.000001   -0.000423
    0.000001   -0.000440
    0.000001   -0.000457
    0.000001   -0.000476
    0.000001   -0.000494
    0.000001   -0.000514
    0.000001   -0.000534
    0.000001   -0.000555
    0.000001   -0.000577
    0.000001   -0.000600
    0.000001   -0.000623
    0.000001   -0.000647
    0.000001   -0.000672
    0.000001   -0.000698
    0.000001   -0.000725
    0.000001   -0.000753
    0.000001   -0.000782
    0.000001   -0.000813
    0.000001   -0.000844
    0.000001   -0.000876
    0.000001   -0.000909
    0.000001   -0.000944
    0.000001   -0.000980
    0.000001   -0.001017
    0.000001   -0.001055
    0.000001   -0.001095
    0.000001   -0.001136
    0.000001   -0.001179
    0.000002   -0.001223
    0.000002   -0.001269
    0.000002   -0.001316
    0.000002   -0.001365
    0.000002   -0.001415
    0.000002   -0.001468
    0.000002   -0.001522
    0.000002   -0.001578
    0.000002   -0.001636
    0.000002   -0.001696
    0.000002   -0.001758
    0.000002   -0.001822
    0.000002   -0.001888
    0.000002   -0.001956
    0.000002   -0.002027
    0.000002   -0.002100
    0.000002   -0.002176
    0.000003   -0.002254
    0.000003   -0.002334
    0.000003   -0.002418
    0.000003   -0.002504
    0.000003   -0.002593
    0.000003   -0.002684
    0.000003   -0.002779
    0.000003   -0.002877
    0.000003   -0.002978
    0.000003   -0.003083
    0.000003   -0.003190
    0.000003   -0.003302
    0.000004   -0.003416
    0.000004   -0.003535
    0.000004   -0.003657
    0.000004   -0.003783
    0.000004   -0.003913
    0.000004   -0.004048
    0.000004   -0.004186
    0.000004   -0.004329
    0.000004   -0.004476
    0.000005   -0.004628
    0.000005   -0.004785
    0.000005   -0.004947
    0.000005   -0.005113
    0.000005   -0.005285
    0.000005   -0.005462
    0.000005   -0.005644
    0.000005   -0.005832
    0.000006   -0.006026
    0.000006   -0.006225
    0.000006   -0.006431
    0.000006   -0.006642
    0.000006   -0.006861
    0.000006   -0.007085
    0.000006   -0.007316
    0.000007   -0.007555
    0.000007   -0.007800
    0.000007   -0.008052
    0.000007   -0.008312
    0.000007   -0.008580
    0.000007   -0.008855
    0.000008   -0.009138
    0.000008   -0.009430
    0.000008   -0.009730
    0.000008   -0.010038
    0.000008   -0.010356
    0.000009   -0.010682
    0.000009   -0.011018
    0.000009   -0.011363
    0.000009   -0.011719
    0.000009   -0.012084
    0.000010   -0.012459
    0.000010   -0.012845
    0.000010   -0.013241
    0.000010   -0.013649
    0.000011   -0.014068
    0.000011   -0.014498
    0.000011   -0.014940
    0.000011   -0.015394
    0.000011   -0.015861
    0.000012   -0.016340
    0.000012   -0.016832
    0.000012   -0.017337
    0.000012   -0.017856
    0.000013   -0.018389
    0.000013   -0.018936
    0.000013   -0.019497
    0.000014   -0.020073
    0.000014   -0.020665
    0.000014   -0.021271
    0.000014   -0.021894
    0.000015   -0.022533
    0.000015   -0.023188
    0.000015   -0.023860
    0.000015   -0.024549
    0.000016   -0.025256
    0.000016   -0.025980
    0.000016   -0.026723
    0.000017   -0.027485
    0.000017   -0.028266
    0.000017   -0.029066
    0.000018   -0.029886
    0.000018   -0.030727
    0.000018   -0.031588
    0.000018   -0.032470
    0.000019   -0.033374
    0.000019   -0.034300
    0.000019   -0.035248
    0.000020   -0.036219
    0.000020   -0.037213
    0.000020   -0.038230
    0.000021   -0.039272
    0.000021   -0.040339
    0.000021   -0.041431
    0.000022   -0.042548
    0.000022   -0.043691
    0.000022   -0.044861
    0.000023   -0.046057
    0.000023   -0.047281
    0.000023   -0.048533
    0.000024   -0.049814
    0.000024   -0.051123
    0.000024   -0.052462
    0.000025   -0.053831
    0.000025   -0.055230
    0.000025   -0.056660
    0.000026   -0.058122
    0.000026   -0.059615
    0.000026   -0.061142
    0.000026   -0.062701
    0.000027   -0.064294
    0.000027   -0.065921
    0.000027   -0.067582
    0.000028   -0.069279
    0.000028   -0.071012
    0.000028   -0.072781
    0.000029   -0.074587
    0.000029   -0.076430
    0.000029   -0.078311
    0.000029   -0.080231
    0.000030   -0.082190
    0.000030   -0.084189
    0.000030   -0.086228
    0.000030   -0.088307
    0.000031   -0.090428
    0.000031   -0.092591
    0.000031   -0.094796
    0.000031   -0.097044
    0.000032   -0.099336
    0.000032   -0.101672
    0.000032   -0.104053
    0.000032   -0.106479
    0.000032   -0.108951
    0.000033   -0.111469
    0.000033   -0.114035
    0.000033   -0.116647
    0.000033   -0.119308
    0.000033   -0.122017
    0.000033   -0.124776
    0.000033   -0.127584
    0.000033   -0.130442
    0.000033   -0.133351
    0.000033   -0.136312
    0.000033   -0.139324
    0.000033   -0.142388
    0.000033   -0.145505
    0.000033   -0.148676
    0.000033   -0.151900
    0.000033   -0.155179
    0.000033   -0.158512
    0.000033   -0.161900
    0.000033   -0.165345
    0.000033   -0.168845
    0.000033   -0.172402
    0.000033   -0.176016
    0.000032   -0.179687
    0.000032   -0.183416
    0.000032   -0.187203
    0.000032   -0.191049
    0.000032   -0.194954
    0.000031   -0.198918
    0.000031   -0.202942
    0.000031   -0.207025
    0.000030   -0.211169
    0.000030   -0.215374
    0.000029   -0.219640
    0.000029   -0.223966
    0.000028   -0.228354
    0.000028   -0.232804
    0.000027   -0.237316
    0.000027   -0.241889
    0.000026   -0.246525
    0.000025   -0.251223
    0.000025   -0.255984
    0.000024   -0.260807
    0.000023   -0.265693
    0.000023   -0.270642
    0.000022   -0.275653
    0.000021   -0.280727
    0.000020   -0.285864
    0.000019   -0.291064
    0.000018   -0.296326
    0.000017   -0.301651
    0.000016   -0.307039
    0.000015   -0.312489
    0.000014   -0.318001
    0.000013   -0.323575
    0.000012   -0.329211
    0.000011   -0.334908
    0.000009   -0.340667
    0.000008   -0.346486
    0.000007   -0.352366
    0.000005   -0.358306
    0.000004   -0.364306
    0.000003   -0.370366
    0.000001   -0.376484
   -0.000000   -0.382660
   -0.000002   -0.388894
   -0.000004   -0.395186
   -0.000005   -0.401533
   -0.000007   -0.407937
   -0.000009   -0.414396
   -0.000010   -0.420909
   -0.000012   -0.427475
   -0.000014   -0.434095
   -0.000016   -0.440766
   -0.000018   -0.447489
   -0.000020   -0.454261
   -0.000022   -0.461083
   -0.000024   -0.467952
   -0.000026   -0.474869
   -0.000028   -0.481831
   -0.000030   -0.488838
   -0.000033   -0.495889
   -0.000035   -0.502981
   -0.000037   -0.510115
   -0.000040   -0.517288
   -0.000042   -0.524499
   -0.000044   -0.531747
   -0.000047   -0.539031
   -0.000049   -0.546348
   -0.000052   -0.553697
   -0.000055   -0.561077
   -0.000057   -0.568485
   -0.000060   -0.575921
   -0.000063   -0.583382
   -0.000065   -0.590867
   -0.000068   -0.598373
   -0.000071   -0.605899
   -0.000074   -0.613443
   -0.000077   -0.621003
   -0.000080   -0.628576
   -0.000083   -0.636161
   -0.000086   -0.643755
   -0.000089   -0.651356
   -0.000092   -0.658963
   -0.000095   -0.666572
   -0.000098   -0.674181
   -0.000101   -0.681788
   -0.000104   -0.689390
   -0.000107   -0.696985
   -0.000111   -0.704571
   -0.000114   -0.712144
   -0.000117   -0.719702
   -0.000120   -0.727243
   -0.000124   -0.734762
   -0.000127   -0.742259
   -0.000130   -0.749730
   -0.000134   -0.757171
   -0.000137   -0.764581
   -0.000140   -0.771955
   -0.000144   -0.779292
   -0.000147   -0.786587
   -0.000151   -0.793838
   -0.000154   -0.801042
   -0.000157   -0.808195
   -0.000161   -0.815294
   -0.000164   -0.822336
   -0.000167   -0.829318
   -0.000171   -0.836235
   -0.000174   -0.843085
   -0.000178   -0.849865
   -0.000181   -0.856569
   -0.000184   -0.863197
   -0.000188   -0.869742
   -0.000191   -0.876203
   -0.000194   -0.882575
   -0.000197   -0.888854
   -0.000201   -0.895038
   -0.000204   -0.901121
   -0.000207   -0.907102
   -0.000210   -0.912974
   -0.000213   -0.918736
   -0.000216   -0.924382
   -0.000219   -0.929909
   -0.000222   -0.935314
   -0.000225   -0.940592
   -0.000228   -0.945739
   -0.000231   -0.950752
   -0.000234   -0.955626
   -0.000237   -0.960357
   -0.000239   -0.964942
   -0.000242   -0.969376
   -0.000245   -0.973655
   -0.000247   -0.977776
   -0.000250   -0.981734
   -0.000252   -0.985526
   -0.000254   -0.989146
   -0.000256   -0.992592
   -0.000259   -0.995859
   -0.000261   -0.998943
   -0.000263   -1.001839
   -0.000264   -1.004545
   -0.000266   -1.007056
   -0.000268   -1.009368
   -0.000269   -1.011477
   -0.000271   -1.013378
   -0.000272   -1.015069
   -0.000274   -1.016545
   -0.000275   -1.017802
   -0.000276   -1.018836
   -0.000277   -1.019643
   -0.000278   -1.020220
   -0.000279   -1.020562
   -0.000279   -1.020666
   -0.000280   -1.020529
   -0.000280   -1.020146
   -0.000280   -1.019513
   -0.000280   -1.018628
   -0.000280   -1.017486
   -0.000280   -1.016083
   -0.000280   -1.014418
   -0.000279   -1.012485
   -0.000279   -1.010282
   -0.000278   -1.007805
   -0.000277   -1.005051
   -0.000276   -1.002016
   -0.000275   -0.998698
   -0.000274   -0.995094
   -0.000272   -0.991200
   -0.000271   -0.987014
   -0.000269   -0.982532
   -0.000267   -0.977752
   -0.000265   -0.972671
   -0.000263   -0.967287
   -0.000260   -0.961596
   -0.000258   -0.955596
   -0.000255   -0.949286
   -0.000252   -0.942662
   -0.000249   -0.935723
   -0.000246   -0.928466
   -0.000242   -0.920889
   -0.000239   -0.912991
   -0.000235   -0.904769
   -0.000231   -0.896222
   -0.000227   -0.887348
   -0.000223   -0.878146
   -0.000218   -0.868614
   -0.000214   -0.858751
   -0.000209   -0.848555
   -0.000204   -0.838027
   -0.000199   -0.827164
   -0.000193   -0.815966
   -0.000188   -0.804432
   -0.000182   -0.792562
   -0.000176   -0.780355
   -0.000170   -0.767811
   -0.000164   -0.754929
   -0.000158   -0.741710
   -0.000151   -0.728153
   -0.000144   -0.714259
   -0.000138   -0.700029
   -0.000131   -0.685461
   -0.000123   -0.670558
   -0.000116   -0.655320
   -0.000108   -0.639747
   -0.000101   -0.623841
   -0.000093   -0.607603
   -0.000085   -0.591034
   -0.000077   -0.574135
   -0.000068   -0.556909
   -0.000060   -0.539356
   -0.000051   -0.521479
   -0.000042   -0.503280
   -0.000034   -0.484761
   -0.000025   -0.465924
   -0.000015   -0.446772
   -0.000006   -0.427307
    0.000003   -0.407532
    0.000013   -0.387450
    0.000023   -0.367064
    0.000032   -0.346377
    0.000042   -0.325392
    0.000052   -0.304114
    0.000063   -0.282546
    0.000073   -0.260691
    0.000083   -0.238553
    0.000094   -0.216138
    0.000104   -0.193448
    0.000115   -0.170488
    0.000125   -0.147263
    0.000136   -0.123778
    0.000147   -0.100037
    0.000158   -0.076045
    0.000169   -0.051808
    0.000180   -0.027331
    0.000191   -0.002618
    0.000202    0.022323
    0.000213    0.047488
    0.000224    0.072871
    0.000235    0.098466
    0.000247    0.124266
    0.000258    0.150266
    0.000269    0.176459
    0.000280    0.202839
    0.000292    0.229398
    0.000303    0.256131
    0.000314    0.283031
    0.000325    0.310089
    0.000336    0.337300
    0.000348    0.364656
    0.000359    0.392150
    0.000370    0.419774
    0.000381    0.447520
    0.000392    0.475382
    0.000403    0.503351
    0.000413    0.531419
    0.000424    0.559579
    0.000435    0.587823
    0.000445    0.616141
    0.000456    0.644527
    0.000466    0.672971
    0.000476    0.701466
    0.000486    0.730002
    0.000496    0.758572
    0.000506    0.787167
    0.000516    0.815777
    0.000525    0.844395
    0.000535    0.873011
    0.000544    0.901616
    0.000553    0.930202
    0.000562    0.958760
    0.000571    0.987280
    0.000579    1.015754
    0.000587    1.044172
    0.000596    1.072525
    0.000603    1.100805
    0.000611    1.129001
    0.000619    1.157105
    0.000626    1.185108
    0.000633    1.213000
    0.000640    1.240772
    0.000646    1.268414
    0.000653    1.295918
    0.000659    1.323275
    0.000665    1.350474
    0.000670    1.377507
    0.000676    1.404364
    0.000681    1.431037
    0.000685    1.457516
    0.000690    1.483792
    0.000694    1.509856
    0.000698    1.535699
    0.000702    1.561312
    0.000705    1.586686
    0.000708    1.611811
    0.000711    1.636680
    0.000713    1.661282
    0.000715    1.685611
    0.000717    1.709656
    0.000718    1.733409
    0.000719    1.756862
    0.000720    1.780007
    0.000721    1.802834
    0.000721    1.825336
    0.000721    1.847504
    0.000720    1.869331
    0.000720    1.890808
    0.000718    1.911928
    0.000717    1.932682
    0.000715    1.953064
    0.000713    1.973065
    0.000710    1.992679
    0.000707    2.011897
    0.000704    2.030713
    0.000701    2.049120
    0.000697    2.067111
    0.000693    2.084679
    0.000688    2.101817
    0.000683    2.118520
    0.000678    2.134780
    0.000672    2.150592
    0.000667    2.165949
    0.000660    2.180847
    0.000654    2.195278
    0.000647    2.209238
    0.000640    2.222721
    0.000632    2.235722
    0.000624    2.248237
    0.000616    2.260259
    0.000608    2.271786
    0.000599    2.282811
    0.000590    2.293331
    0.000580    2.303342
    0.000571    2.312840
    0.000561    2.321821
    0.000550    2.330281
    0.000540    2.338218
    0.000529    2.345628
    0.000518    2.352508
    0.000506    2.358856
    0.000495    2.364668
    0.000483    2.369943
    0.000470    2.374679
    0.000458    2.378872
    0.000445    2.382523
    0.000432    2.385628
    0.000419    2.388187
    0.000406    2.390199
    0.000392    2.391663
    0.000378    2.392578
    0.000364    2.392943
    0.000350    2.392759
    0.000336    2.392024
    0.000321    2.390740
    0.000306    2.388906
    0.000291    2.386523
    0.000276    2.383593
    0.000261    2.380114
    0.000246    2.376090
    0.000230    2.371521
    0.000215    2.366408
    0.000199    2.360754
    0.000183    2.354561
    0.000167    2.347829
    0.000151    2.340563
    0.000135    2.332765
    0.000118    2.324436
    0.000102    2.315581
    0.000086    2.306202
    0.000069    2.296302
    0.000053    2.285886
    0.000036    2.274956
    0.000020    2.263517
    0.000003    2.251573
   -0.000013    2.239127
   -0.000030    2.226185
   -0.000046    2.212752
   -0.000063    2.198831
   -0.000079    2.184427
   -0.000095    2.169547
   -0.000112    2.154194
   -0.000128    2.138376
   -0.000144    2.122096
   -0.000161    2.105361
   -0.000177    2.088178
   -0.000193    2.070551
   -0.000209    2.052487
   -0.000224    2.033993
   -0.000240    2.015075
   -0.000256    1.995740
   -0.000271    1.975994
   -0.000286    1.955844
   -0.000302    1.935298
   -0.000317    1.914362
   -0.000331    1.893045
   -0.000346    1.871352
   -0.000360    1.849293
   -0.000375    1.826873
   -0.000389    1.804102
   -0.000403    1.780987
   -0.000416    1.757536
   -0.000430    1.733756
   -0.000443    1.709657
   -0.000456    1.685246
   -0.000469    1.660531
   -0.000482    1.635522
   -0.000494    1.610225
   -0.000506    1.584651
   -0.000518    1.558806
   -0.000529    1.532701
   -0.000541    1.506344
   -0.000552    1.479742
   -0.000563    1.452907
   -0.000573    1.425845
   -0.000583    1.398566
   -0.000593    1.371079
   -0.000603    1.343393
   -0.000612    1.315517
   -0.000621    1.287459
   -0.000630    1.259230
   -0.000638    1.230837
   -0.000646    1.202290
   -0.000654    1.173598
   -0.000662    1.144770
   -0.000669    1.115816
   -0.000676    1.086743
   -0.000683    1.057562
   -0.000689    1.028281
   -0.000695    0.998910
   -0.000700    0.969456
   -0.000706    0.939931
   -0.000711    0.910341
   -0.000715    0.880697
   -0.000720    0.851007
   -0.000724    0.821279
   -0.000727    0.791524
   -0.000731    0.761750
   -0.000734    0.731964
   -0.000737    0.702177
   -0.000739    0.672396
   -0.000741    0.642631
   -0.000743    0.612889
   -0.000745    0.583180
   -0.000746    0.553511
   -0.000747    0.523891
   -0.000747    0.494328
   -0.000748    0.464830
   -0.000748    0.435406
   -0.000747    0.406062
   -0.000747    0.376809
   -0.000746    0.347652
   -0.000745    0.318600
   -0.000743    0.289660
   -0.000742    0.260840
   -0.000740    0.232148
   -0.000737    0.203591
   -0.000735    0.175175
   -0.000732    0.146909
   -0.000729    0.118798
   -0.000726    0.090851
   -0.000722    0.063074
   -0.000719    0.035473
   -0.000715    0.008056
   -0.000710   -0.019172
   -0.000706   -0.046204
   -0.000701   -0.073033
   -0.000697   -0.099655
   -0.000691   -0.126062
   -0.000686   -0.152248
   -0.000681   -0.178209
   -0.000675   -0.203939
   -0.000669   -0.229431
   -0.000663   -0.254681
   -0.000657   -0.279683
   -0.000651   -0.304433
   -0.000644   -0.328925
   -0.000637   -0.353154
   -0.000631   -0.377116
   -0.000624   -0.400807
   -0.000616   -0.424221
   -0.000609   -0.447354
   -0.000602   -0.470204
   -0.000594   -0.492764
   -0.000587   -0.515032
   -0.000579   -0.537003
   -0.000571   -0.558675
   -0.000563   -0.580043
   -0.000555   -0.601104
   -0.000547   -0.621855
   -0.000539   -0.642293
   -0.000531   -0.662415
   -0.000523   -0.682218
   -0.000514   -0.701700
   -0.000506   -0.720858
   -0.000498   -0.739689
   -0.000489   -0.758192
   -0.000481   -0.776363
   -0.000472   -0.794202
   -0.000463   -0.811706
   -0.000455   -0.828874
   -0.000446   -0.845703
   -0.000438   -0.862193
   -0.000429   -0.878342
   -0.000420   -0.894149
   -0.000412   -0.909612
   -0.000403   -0.924732
   -0.000394   -0.939506
   -0.000386   -0.953934
   -0.000377   -0.968016
   -0.000368   -0.981751
   -0.000360   -0.995139
   -0.000351   -1.008179
   -0.000343   -1.020872
   -0.000334   -1.033217
   -0.000326   -1.045215
   -0.000317   -1.056865
   -0.000309   -1.068168
   -0.000301   -1.079125
   -0.000292   -1.089735
   -0.000284   -1.100001
   -0.000276   -1.109921
   -0.000268   -1.119498
   -0.000260   -1.128732
   -0.000252   -1.137625
   -0.000244   -1.146177
   -0.000236   -1.154389
   -0.000228   -1.162264
   -0.000220   -1.169802
   -0.000212   -1.177005
   -0.000205   -1.183875
   -0.000197   -1.190414
   -0.000190   -1.196622
   -0.000182   -1.202503
   -0.000175   -1.208057
   -0.000167   -1.213288
   -0.000160   -1.218197
   -0.000153   -1.222787
   -0.000145   -1.227060
   -0.000138   -1.231017
   -0.000131   -1.234662
   -0.000124   -1.237998
   -0.000117   -1.241026
   -0.000110   -1.243749
   -0.000103   -1.246170
   -0.000096   -1.248292
   -0.000089   -1.250118
   -0.000083   -1.251650
   -0.000076   -1.252892
   -0.000069   -1.253846
   -0.000063   -1.254515
   -0.000056   -1.254904
   -0.000049   -1.255014
   -0.000043   -1.254849
   -0.000036   -1.254412
   -0.000030   -1.253707
   -0.000023   -1.252736
   -0.000017   -1.251504
   -0.000010   -1.250014
   -0.000004   -1.248269
    0.000002   -1.246272
    0.000009   -1.244027
    0.000015   -1.241539
    0.000022   -1.238809
    0.000028   -1.235843
    0.000034   -1.232643
    0.000041   -1.229213
    0.000047   -1.225557
    0.000054   -1.221679
    0.000060   -1.217583
    0.000067   -1.213271
    0.000073   -1.208749
    0.000080   -1.204019
    0.000086   -1.199086
    0.000093   -1.193953
    0.000099   -1.188625
    0.000106   -1.183105
    0.000113   -1.177396
    0.000120   -1.171503
    0.000126   -1.165430
    0.000133   -1.159181
    0.000140   -1.152759
    0.000147   -1.146168
    0.000154   -1.139413
    0.000161   -1.132496
    0.000168   -1.125423
    0.000175   -1.118196
    0.000182   -1.110820
    0.000190   -1.103298
    0.000197   -1.095635
    0.000205   -1.087835
    0.000212   -1.079900
    0.000220   -1.071835
    0.000227   -1.063644
    0.000235   -1.055331
    0.000243   -1.046899
    0.000250   -1.038352
    0.000258   -1.029694
    0.000266   -1.020929
    0.000274   -1.012060
    0.000282   -1.003092
    0.000291   -0.994027
    0.000299   -0.984870
    0.000307   -0.975624
    0.000316   -0.966292
    0.000324   -0.956879
    0.000333   -0.947389
    0.000341   -0.937823
    0.000350   -0.928187
    0.000358   -0.918484
    0.000367   -0.908716
    0.000376   -0.898889
    0.000385   -0.889004
    0.000394   -0.879066
    0.000403   -0.869077
    0.000412   -0.859042
    0.000421   -0.848963
    0.000430   -0.838844
    0.000439   -0.828688
    0.000448   -0.818499
    0.000457   -0.808279
    0.000466   -0.798031
    0.000476   -0.787759
    0.000485   -0.777466
    0.000494   -0.767155
    0.000503   -0.756829
    0.000512   -0.746491
    0.000521   -0.736143
    0.000531   -0.725790
    0.000540   -0.715433
    0.000549   -0.705076
    0.000558   -0.694721
    0.000567   -0.684371
    0.000576   -0.674029
    0.000585   -0.663697
    0.000594   -0.653379
    0.000602   -0.643076
    0.000611   -0.632792
    0.000620   -0.622528
    0.000628   -0.612288
    0.000637   -0.602074
    0.000645   -0.591888
    0.000653   -0.581733
    0.000661   -0.571611
    0.000669   -0.561524
    0.000677   -0.551475
    0.000685   -0.541466
    0.000692   -0.531498
    0.000700   -0.521575
    0.000707   -0.511697
    0.000714   -0.501868
    0.000721   -0.492090
    0.000727   -0.482363
    0.000734   -0.472691
    0.000740   -0.463074
    0.000746   -0.453516
    0.000752   -0.444017
    0.000757   -0.434580
    0.000762   -0.425206
    0.000767   -0.415897
    0.000772   -0.406654
    0.000776   -0.397479
    0.000781   -0.388374
    0.000784   -0.379340
    0.000788   -0.370379
    0.000791   -0.361492
    0.000794   -0.352681
    0.000797   -0.343946
    0.000799   -0.335289
    0.000801   -0.326712
    0.000803   -0.318215
    0.000804   -0.309801
    0.000805   -0.301469
    0.000805   -0.293221
    0.000805   -0.285058
    0.000805   -0.276982
    0.000804   -0.268993
    0.000803   -0.261091
    0.000802   -0.253279
    0.000800   -0.245557
    0.000798   -0.237925
    0.000795   -0.230385
    0.000792   -0.222937
    0.000789   -0.215582
    0.000785   -0.208321
    0.000780   -0.201154
    0.000775   -0.194082
    0.000770   -0.187105
    0.000764   -0.180224
    0.000758   -0.173440
    0.000751   -0.166752
    0.000744   -0.160162
    0.000737   -0.153670
    0.000729   -0.147275
    0.000720   -0.140979
    0.000711   -0.134781
    0.000702   -0.128683
    0.000692   -0.122683
    0.000681   -0.116783
    0.000670   -0.110982
    0.000659   -0.105280
    0.000647   -0.099678
    0.000635   -0.094175
    0.000622   -0.088772
    0.000609   -0.083469
    0.000595   -0.078265
    0.000581   -0.073160
    0.000566   -0.068154
    0.000551   -0.063248
    0.000535   -0.058441
    0.000519   -0.053732
    0.000503   -0.049121
    0.000486   -0.044609
    0.000469   -0.040195
    0.000451   -0.035878
    0.000433   -0.031659
    0.000414   -0.027536
    0.000395   -0.023510
    0.000375   -0.019579
    0.000356   -0.015744
    0.000335   -0.012005
    0.000315   -0.008359
    0.000294   -0.004808
    0.000272   -0.001350
    0.000251    0.002016
    0.000228    0.005289
    0.000206    0.008470
    0.000183    0.011560
    0.000160    0.014561
    0.000137    0.017471
    0.000113    0.020293
    0.000089    0.023027
    0.000065    0.025674
    0.000040    0.028233
    0.000016    0.030708
   -0.000009    0.033097
   -0.000035    0.035402
   -0.000060    0.037623
   -0.000086    0.039763
   -0.000111    0.041821
   -0.000137    0.043798
   -0.000164    0.045695
   -0.000190    0.047514
   -0.000216    0.049254
   -0.000243    0.050918
   -0.000269    0.052506
   -0.000296    0.054019
   -0.000322    0.055458
   -0.000349    0.056824
   -0.000376    0.058118
   -0.000403    0.059341
   -0.000429    0.060495
   -0.000456    0.061579
   -0.000483    0.062596
   -0.000509    0.063546
   -0.000536    0.064430
   -0.000562    0.065250
   -0.000589    0.066006
   -0.000615    0.066700
   -0.000641    0.067332
   -0.000667    0.067904
   -0.000693    0.068418
   -0.000718    0.068873
   -0.000743    0.069272
   -0.000768    0.069614
   -0.000793    0.069903
   -0.000818    0.070137
   -0.000842    0.070320
   -0.000866    0.070451
   -0.000889    0.070532
   -0.000912    0.070565
   -0.000935    0.070549
   -0.000958    0.070487
   -0.000980    0.070379
   -0.001001    0.070228
   -0.001023    0.070032
   -0.001043    0.069795
   -0.001064    0.069517
   -0.001084    0.069199
   -0.001103    0.068842
   -0.001122    0.068447
   -0.001140    0.068017
   -0.001158    0.067550
   -0.001175    0.067050
   -0.001191    0.066516
   -0.001207    0.065951
   -0.001223    0.065354
   -0.001237    0.064728
   -0.001252    0.064072
   -0.001265    0.063390
   -0.001278    0.062680
   -0.001290    0.061945
   -0.001301    0.061185
   -0.001312    0.060402
   -0.001322    0.059597
   -0.001331    0.058770
   -0.001340    0.057923
   -0.001348    0.057056
   -0.001355    0.056171
   -0.001361    0.055268
   -0.001367    0.054350
   -0.001371    0.053415
   -0.001375    0.052467
   -0.001378    0.051504
   -0.001381    0.050529
   -0.001382    0.049543
   -0.001383    0.048546
   -0.001383    0.047538
   -0.001382    0.046522
   -0.001380    0.045498
   -0.001377    0.044467
   -0.001374    0.043429
   -0.001370    0.042385
   -0.001364    0.041337
   -0.001358    0.040285
   -0.001352    0.039230
   -0.001344    0.038173
   -0.001335    0.037114
   -0.001326    0.036054
   -0.001316    0.034994
   -0.001304    0.033935
   -0.001292    0.032878
   -0.001280    0.031822
   -0.001266    0.030769
   -0.001251    0.029720
   -0.001236    0.028674
   -0.001220    0.027634
   -0.001203    0.026599
   -0.001185    0.025570
   -0.001167    0.024547
   -0.001147    0.023532
   -0.001127    0.022524
   -0.001106    0.021525
   -0.001084    0.020534
   -0.001062    0.019553
   -0.001038    0.018581
   -0.001014    0.017620
   -0.000989    0.016670
   -0.000964    0.015731
   -0.000938    0.014804
   -0.000911    0.013889
   -0.000883    0.012987
   -0.000855    0.012097
   -0.000826    0.011221
   -0.000796    0.010359
   -0.000766    0.009510
   -0.000735    0.008676
   -0.000704    0.007857
   -0.000672    0.007053
   -0.000639    0.006265
   -0.000606    0.005491
   -0.000572    0.004734
   -0.000538    0.003993
   -0.000504    0.003269
   -0.000469    0.002561
   -0.000433    0.001870
   -0.000397    0.001196
   -0.000361    0.000539
   -0.000324   -0.000100
   -0.000287   -0.000722
   -0.000249   -0.001326
   -0.000211   -0.001913
   -0.000173   -0.002481
   -0.000135   -0.003031
   -0.000096   -0.003563
   -0.000057   -0.004077
   -0.000018   -0.004573
    0.000021   -0.005050
    0.000060   -0.005509
    0.000100   -0.005949
    0.000140   -0.006371
    0.000180   -0.006775
    0.000219   -0.007160
    0.000259   -0.007526
    0.000299   -0.007874
    0.000339   -0.008204
    0.000379   -0.008516
    0.000419   -0.008809
    0.000459   -0.009084
    0.000499   -0.009341
    0.000538   -0.009580
    0.000578   -0.009800
    0.000617   -0.010003
    0.000656   -0.010189
    0.000695   -0.010357
    0.000733   -0.010507
    0.000772   -0.010640
    0.000810   -0.010755
    0.000847   -0.010854
    0.000885   -0.010936
    0.000922   -0.011001
    0.000958   -0.011050
    0.000995   -0.011082
    0.001030   -0.011099
    0.001066   -0.011099
    0.001101   -0.011084
    0.001135   -0.011053
    0.001169   -0.011007
    0.001202   -0.010946
    0.001235   -0.010870
    0.001267   -0.010779
    0.001298   -0.010674
    0.001329   -0.010555
    0.001360   -0.010423
    0.001389   -0.010276
    0.001418   -0.010117
    0.001446   -0.009944
    0.001474   -0.009758
    0.001501   -0.009561
    0.001527   -0.009350
    0.001552   -0.009128
    0.001577   -0.008895
    0.001600   -0.008649
    0.001623   -0.008393
    0.001645   -0.008126
    0.001667   -0.007849
    0.001687   -0.007561
    0.001706   -0.007263
    0.001725   -0.006956
    0.001743   -0.006640
    0.001760   -0.006314
    0.001775   -0.005980
    0.001790   -0.005638
    0.001804   -0.005287
    0.001818   -0.004929
    0.001830   -0.004563
    0.001841   -0.004190
    0.001851   -0.003810
    0.001860   -0.003424
    0.001869   -0.003031
    0.001876   -0.002632
    0.001882   -0.002228
    0.001888   -0.001819
    0.001892   -0.001404
    0.001895   -0.000985
    0.001897   -0.000561
    0.001899   -0.000134
    0.001899    0.000298
    0.001898    0.000733
    0.001897    0.001171
    0.001894    0.001613
    0.001890    0.002056
    0.001886    0.002503
    0.001880    0.002951
    0.001873    0.003401
    0.001865    0.003853
    0.001857    0.004305
    0.001847    0.004759
    0.001836    0.005214
    0.001825    0.005668
    0.001812    0.006123
    0.001799    0.006578
    0.001784    0.007033
    0.001769    0.007486
    0.001753    0.007939
    0.001735    0.008391
    0.001717    0.008841
    0.001698    0.009290
    0.001678    0.009737
    0.001658    0.010182
    0.001636    0.010624
    0.001614    0.011064
    0.001590    0.011501
    0.001566    0.011935
    0.001541    0.012366
    0.001515    0.012793
    0.001489    0.013217
    0.001462    0.013637
    0.001434    0.014053
    0.001405    0.014465
    0.001375    0.014872
    0.001345    0.015275
    0.001314    0.015673
    0.001283    0.016066
    0.001251    0.016454
    0.001218    0.016837
    0.001185    0.017214
    0.001151    0.017586
    0.001116    0.017952
    0.001081    0.018312
    0.001046    0.018666
    0.001010    0.019015
    0.000973    0.019356
    0.000936    0.019692
    0.000899    0.020021
    0.000861    0.020343
    0.000823    0.020659
    0.000784    0.020968
    0.000745    0.021270
    0.000706    0.021565
    0.000666    0.021852
    0.000626    0.022133
    0.000586    0.022406
    0.000546    0.022672
    0.000505    0.022931
    0.000464    0.023182
    0.000423    0.023425
    0.000382    0.023661
    0.000341    0.023890
    0.000299    0.024110
    0.000258    0.024323
    0.000216    0.024528
    0.000175    0.024726
    0.000133    0.024915
    0.000091    0.025097
    0.000050    0.025270
    0.000008    0.025436
   -0.000034    0.025594
   -0.000075    0.025744
   -0.000117    0.025886
   -0.000158    0.026020
   -0.000199    0.026146
   -0.000240    0.026264
   -0.000281    0.026375
   -0.000321    0.026477
   -0.000362    0.026572
   -0.000402    0.026658
   -0.000441    0.026737
   -0.000481    0.026809
   -0.000520    0.026872
   -0.000559    0.026928
   -0.000598    0.026976
   -0.000636    0.027016
   -0.000674    0.027049
   -0.000711    0.027074
   -0.000748    0.027092
   -0.000785    0.027103
   -0.000821    0.027106
   -0.000857    0.027102
   -0.000892    0.027090
   -0.000927    0.027072
   -0.000961    0.027046
   -0.000995    0.027013
   -0.001028    0.026974
   -0.001061    0.026927
   -0.001093    0.026874
   -0.001125    0.026814
   -0.001156    0.026748
   -0.001186    0.026675
   -0.001216    0.026595
   -0.001245    0.026509
   -0.001273    0.026417
   -0.001301    0.026319
   -0.001328    0.026215
   -0.001355    0.026105
   -0.001381    0.025989
   -0.001406    0.025867
   -0.001430    0.025740
   -0.001454    0.025607
   -0.001477    0.025469
   -0.001500    0.025326
   -0.001521    0.025177
   -0.001542    0.025023
   -0.001563    0.024864
   -0.001582    0.024700
   -0.001601    0.024532
   -0.001619    0.024359
   -0.001636    0.024181
   -0.001652    0.023999
   -0.001668    0.023813
   -0.001683    0.023622
   -0.001697    0.023428
   -0.001711    0.023229
   -0.001723    0.023027
   -0.001735    0.022821
   -0.001746    0.022611
   -0.001756    0.022398
   -0.001766    0.022181
   -0.001775    0.021961
   -0.001783    0.021738
   -0.001790    0.021513
   -0.001796    0.021284
   -0.001802    0.021052
   -0.001807    0.020818
   -0.001811    0.020581
   -0.001814    0.020342
   -0.001817    0.020101
   -0.001819    0.019857
   -0.001820    0.019611
   -0.001820    0.019363
   -0.001820    0.019114
   -0.001819    0.018862
   -0.001817    0.018609
   -0.001815    0.018355
   -0.001811    0.018099
   -0.001807    0.017842
   -0.001802    0.017583
   -0.001797    0.017324
   -0.001791    0.017063
   -0.001784    0.016802
   -0.001776    0.016540
   -0.001768    0.016277
   -0.001759    0.016014
   -0.001750    0.015750
   -0.001740    0.015485
   -0.001729    0.015221
   -0.001717    0.014956
   -0.001705    0.014691
   -0.001693    0.014427
   -0.001679    0.014162
   -0.001665    0.013897
   -0.001651    0.013633
   -0.001636    0.013369
   -0.001620    0.013105
   -0.001604    0.012842
   -0.001587    0.012580
   -0.001570    0.012318
   -0.001552    0.012057
   -0.001534    0.011797
   -0.001515    0.011538
   -0.001496    0.011280
   -0.001476    0.011022
   -0.001456    0.010766
   -0.001435    0.010512
   -0.001414    0.010258
   -0.001392    0.010006
   -0.001370    0.009755
   -0.001347    0.009505
   -0.001325    0.009257
   -0.001301    0.009011
   -0.001278    0.008766
   -0.001254    0.008523
   -0.001229    0.008282
   -0.001205    0.008043
   -0.001180    0.007805
   -0.001155    0.007569
   -0.001129    0.007335
   -0.001103    0.007104
   -0.001077    0.006874
   -0.001050    0.006646
   -0.001024    0.006420
   -0.000997    0.006197
   -0.000970    0.005975
   -0.000942    0.005756
   -0.000915    0.005539
   -0.000887    0.005325
   -0.000859    0.005113
   -0.000831    0.004903
   -0.000803    0.004695
   -0.000775    0.004490
   -0.000746    0.004287
   -0.000718    0.004087
   -0.000689    0.003889
   -0.000660    0.003694
   -0.000631    0.003501
   -0.000603    0.003311
   -0.000574    0.003123
   -0.000545    0.002938
   -0.000516    0.002755
   -0.000487    0.002575
   -0.000458    0.002398
   -0.000429    0.002223
   -0.000400    0.002050
   -0.000371    0.001881
   -0.000342    0.001714
   -0.000313    0.001550
   -0.000285    0.001388
   -0.000256    0.001229
   -0.000227    0.001072
   -0.000199    0.000919
   -0.000171    0.000767
   -0.000142    0.000619
   -0.000114    0.000473
   -0.000087    0.000330
   -0.000059    0.000189
   -0.000031    0.000051
   -0.000004   -0.000084
    0.000023   -0.000216
    0.000050   -0.000347
    0.000077   -0.000474
    0.000104   -0.000599
    0.000130   -0.000721
    0.000156   -0.000841
    0.000182   -0.000958
    0.000207   -0.001072
    0.000233   -0.001184
    0.000258   -0.001293
    0.000283   -0.001400
    0.000307   -0.001504
    0.000331   -0.001606
    0.000355   -0.001706
    0.000379   -0.001802
    0.000402   -0.001897
    0.000425   -0.001989
    0.000447   -0.002078
    0.000469   -0.002165
    0.000491   -0.002250
    0.000513   -0.002332
    0.000534   -0.002411
    0.000555   -0.002489
    0.000575   -0.002564
    0.000595   -0.002637
    0.000615   -0.002707
    0.000634   -0.002775
    0.000653   -0.002841
    0.000671   -0.002904
    0.000689   -0.002966
    0.000707   -0.003025
    0.000724   -0.003081
    0.000740   -0.003136
    0.000757   -0.003188
    0.000773   -0.003239
    0.000788   -0.003287
    0.000803   -0.003333
    0.000818   -0.003376
    0.000832   -0.003418
    0.000846   -0.003457
    0.000859   -0.003495
    0.000872   -0.003530
    0.000884   -0.003564
    0.000896   -0.003595
    0.000907   -0.003624
    0.000918   -0.003651
    0.000929   -0.003677
    0.000939   -0.003700
    0.000949   -0.003721
    0.000958   -0.003741
    0.000967   -0.003758
    0.000975   -0.003774
    0.000983   -0.003787
    0.000990   -0.003799
    0.000997   -0.003809
    0.001004   -0.003817
    0.001010   -0.003823
    0.001015   -0.003827
    0.001020   -0.003830
    0.001025   -0.003830
    0.001030   -0.003829
    0.001033   -0.003826
    0.001037   -0.003821
    0.001040   -0.003815
    0.001042   -0.003807
    0.001045   -0.003796
    0.001046   -0.003785
    0.001048   -0.003771
    0.001049   -0.003756
    0.001049   -0.003739
    0.001049   -0.003720
    0.001049   -0.003700
    0.001048   -0.003678
    0.001047   -0.003655
    0.001046   -0.003629
    0.001044   -0.003602
    0.001042   -0.003574
    0.001039   -0.003544
    0.001036   -0.003512
    0.001033   -0.003478
    0.001030   -0.003443
    0.001026   -0.003407
    0.001021   -0.003368
    0.001017   -0.003329
    0.001012   -0.003287
    0.001007   -0.003245
    0.001001   -0.003200
    0.000996   -0.003154
    0.000989   -0.003107
    0.000983   -0.003058
    0.000976   -0.003007
    0.000970   -0.002955
    0.000962   -0.002902
    0.000955   -0.002847
    0.000947   -0.002790
    0.000939   -0.002733
    0.000931   -0.002673
    0.000923   -0.002613
    0.000914   -0.002550
    0.000906   -0.002487
    0.000897   -0.002422
    0.000888   -0.002356
    0.000878   -0.002288
    0.000869   -0.002219
    0.000859   -0.002148
    0.000849   -0.002076
    0.000839   -0.002003
    0.000829   -0.001929
    0.000819   -0.001853
    0.000809   -0.001776
    0.000798   -0.001698
    0.000788   -0.001618
    0.000777   -0.001537
    0.000766   -0.001455
    0.000756   -0.001372
    0.000745   -0.001288
    0.000734   -0.001202
    0.000723   -0.001115
    0.000712   -0.001027
    0.000701   -0.000938
    0.000689   -0.000848
    0.000678   -0.000757
    0.000667   -0.000664
    0.000656   -0.000571
    0.000645   -0.000477
    0.000633   -0.000381
    0.000622   -0.000285
    0.000611   -0.000187
    0.000600   -0.000089
    0.000588    0.000010
    0.000577    0.000110
    0.000566    0.000212
    0.000555    0.000313
    0.000544    0.000416
    0.000533    0.000520
    0.000522    0.000624
    0.000512    0.000729
    0.000501    0.000835
    0.000490    0.000941
    0.000480    0.001048
    0.000469    0.001156
    0.000459    0.001264
    0.000448    0.001373
    0.000438    0.001483
    0.000428    0.001593
    0.000418    0.001703
    0.000408    0.001814
    0.000398    0.001925
    0.000389    0.002037
    0.000379    0.002149
    0.000370    0.002261
    0.000360    0.002373
    0.000351    0.002486
    0.000342    0.002599
    0.000333    0.002712
    0.000325    0.002826
    0.000316    0.002939
    0.000307    0.003052
    0.000299    0.003166
    0.000291    0.003279
    0.000283    0.003392
    0.000275    0.003505
    0.000267    0.003618
    0.000259    0.003731
    0.000252    0.003844
    0.000245    0.003956
    0.000237    0.004068
    0.000230    0.004180
    0.000224    0.004291
    0.000217    0.004401
    0.000210    0.004512
    0.000204    0.004621
    0.000197    0.004730
    0.000191    0.004839
    0.000185    0.004947
    0.000179    0.005054
    0.000173    0.005160
    0.000168    0.005266
    0.000162    0.005370
    0.000157    0.005474
    0.000152    0.005577
    0.000147    0.005679
    0.000142    0.005779
    0.000137    0.005879
    0.000132    0.005978
    0.000127    0.006075
    0.000123    0.006171
    0.000119    0.006266
    0.000114    0.006360
    0.000110    0.006452
    0.000106    0.006543
    0.000102    0.006633
    0.000098    0.006720
    0.000095    0.006807
    0.000091    0.006892
    0.000087    0.006975
    0.000084    0.007057
    0.000080    0.007137
    0.000077    0.007215
    0.000074    0.007291
    0.000071    0.007366
    0.000067    0.007438
    0.000064    0.007509
    0.000061    0.007578
    0.000058    0.007645
    0.000056    0.007710
    0.000053    0.007772
    0.000050    0.007833
    0.000047    0.007892
    0.000045    0.007948
    0.000042    0.008002
    0.000039    0.008054
    0.000037    0.008104
    0.000034    0.008151
    0.000032    0.008196
    0.000029    0.008239
    0.000026    0.008279
    0.000024    0.008317
    0.000021    0.008352
    0.000019    0.008385
    0.000017    0.008416
    0.000014    0.008443
    0.000012    0.008469
    0.000009    0.008492
    0.000007    0.008512
    0.000004    0.008529
    0.000002    0.008544
   -0.000001    0.008556
   -0.000003    0.008566
   -0.000006    0.008573
   -0.000009    0.008577
   -0.000011    0.008578
   -0.000014    0.008577
   -0.000016    0.008573
   -0.000019    0.008566
   -0.000022    0.008556
   -0.000025    0.008544
   -0.000027    0.008529
   -0.000030    0.008511
   -0.000033    0.008490
   -0.000036    0.008467
   -0.000039    0.008440
   -0.000042    0.008411
   -0.000045    0.008380
   -0.000048    0.008345
   -0.000051    0.008307
   -0.000055    0.008267
   -0.000058    0.008224
   -0.000061    0.008179
   -0.000064    0.008130
   -0.000068    0.008079
   -0.000071    0.008025
   -0.000075    0.007968
   -0.000078    0.007909
   -0.000082    0.007847
   -0.000086    0.007782
   -0.000089    0.007715
   -0.000093    0.007645
   -0.000097    0.007573
   -0.000101    0.007497
   -0.000105    0.007420
   -0.000109    0.007340
   -0.000113    0.007257
   -0.000117    0.007172
   -0.000121    0.007084
   -0.000125    0.006994
   -0.000129    0.006902
   -0.000133    0.006808
   -0.000138    0.006711
   -0.000142    0.006611
   -0.000147    0.006510
   -0.000151    0.006406
   -0.000156    0.006301
   -0.000160    0.006193
   -0.000165    0.006083
   -0.000169    0.005971
   -0.000174    0.005857
   -0.000179    0.005741
   -0.000183    0.005624
   -0.000188    0.005504
   -0.000193    0.005383
   -0.000198    0.005260
   -0.000203    0.005135
   -0.000207    0.005009
   -0.000212    0.004881
   -0.000217    0.004751
   -0.000222    0.004620
   -0.000227    0.004488
   -0.000232    0.004354
   -0.000237    0.004219
   -0.000242    0.004083
   -0.000247    0.003946
   -0.000253    0.003807
   -0.000258    0.003668
   -0.000263    0.003527
   -0.000268    0.003385
   -0.000273    0.003243
   -0.000278    0.003100
   -0.000283    0.002956
   -0.000289    0.002811
   -0.000294    0.002666
   -0.000299    0.002520
   -0.000304    0.002373
   -0.000309    0.002226
   -0.000314    0.002079
   -0.000320    0.001931
   -0.000325    0.001783
   -0.000330    0.001635
   -0.000335    0.001487
   -0.000340    0.001338
   -0.000345    0.001190
   -0.000350    0.001042
   -0.000356    0.000894
   -0.000361    0.000746
   -0.000366    0.000598
   -0.000371    0.000450
   -0.000376    0.000303
   -0.000381    0.000156
   -0.000386    0.000010
   -0.000391   -0.000135
   -0.000396   -0.000281
   -0.000401   -0.000425
   -0.000406   -0.000569
   -0.000411   -0.000711
   -0.000415   -0.000854
   -0.000420   -0.000995
   -0.000425   -0.001135
   -0.000430   -0.001274
   -0.000435   -0.001412
   -0.000439   -0.001549
   -0.000444   -0.001685
   -0.000449   -0.001820
   -0.000453   -0.001953
   -0.000458   -0.002085
   -0.000463   -0.002215
   -0.000467   -0.002345
   -0.000472   -0.002472
   -0.000476   -0.002598
   -0.000480   -0.002723
   -0.000485   -0.002846
   -0.000489   -0.002967
   -0.000493   -0.003087
   -0.000498   -0.003204
   -0.000502   -0.003321
   -0.000506   -0.003435
   -0.000510   -0.003547
   -0.000514   -0.003657
   -0.000518   -0.003766
   -0.000522   -0.003872
   -0.000526   -0.003977
   -0.000530   -0.004079
   -0.000534   -0.004180
   -0.000537   -0.004278
   -0.000541   -0.004374
   -0.000545   -0.004468
   -0.000548   -0.004560
   -0.000552   -0.004650
   -0.000555   -0.004737
   -0.000558   -0.004822
   -0.000562   -0.004905
   -0.000565   -0.004986
   -0.000568   -0.005064
   -0.000571   -0.005140
   -0.000574   -0.005214
   -0.000577   -0.005285
   -0.000580   -0.005354
   -0.000583   -0.005421
   -0.000586   -0.005485
   -0.000588   -0.005547
   -0.000591   -0.005606
   -0.000594   -0.005664
   -0.000596   -0.005718
   -0.000598   -0.005771
   -0.000601   -0.005821
   -0.000603   -0.005868
   -0.000605   -0.005913
   -0.000607   -0.005956
   -0.000609   -0.005997
   -0.000610   -0.006035
   -0.000612   -0.006070
   -0.000614   -0.006104
   -0.000615   -0.006135
   -0.000616   -0.006164
   -0.000618   -0.006190
   -0.000619   -0.006214
   -0.000620   -0.006236
   -0.000621   -0.006255
   -0.000621   -0.006273
   -0.000622   -0.006288
   -0.000622   -0.006301
   -0.000623   -0.006312
   -0.000623   -0.006320
   -0.000623   -0.006327
   -0.000623   -0.006331
   -0.000623   -0.006333
   -0.000623   -0.006334
   -0.000622   -0.006332
   -0.000621   -0.006328
   -0.000621   -0.006322
   -0.000620   -0.006315
   -0.000619   -0.006305
   -0.000617   -0.006294
   -0.000616   -0.006281
   -0.000614   -0.006266
   -0.000612   -0.006249
   -0.000610   -0.006230
   -0.000608   -0.006210
   -0.000606   -0.006188
   -0.000603   -0.006165
   -0.000601   -0.006140
   -0.000598   -0.006113
   -0.000595   -0.006085
   -0.000591   -0.006056
   -0.000588   -0.006025
   -0.000584   -0.005992
   -0.000580   -0.005959
   -0.000576   -0.005924
   -0.000572   -0.005887
   -0.000567   -0.005850
   -0.000562   -0.005811
   -0.000557   -0.005771
   -0.000552   -0.005731
   -0.000546   -0.005689
   -0.000541   -0.005646
   -0.000535   -0.005602
   -0.000529   -0.005557
   -0.000522   -0.005511
   -0.000516   -0.005465
   -0.000509   -0.005417
   -0.000502   -0.005369
   -0.000494   -0.005320
   -0.000487   -0.005271
   -0.000479   -0.005221
   -0.000471   -0.005170
   -0.000462   -0.005119
   -0.000454   -0.005067
   -0.000445   -0.005014
   -0.000435   -0.004962
   -0.000426   -0.004908
   -0.000416   -0.004855
   -0.000407   -0.004801
   -0.000396   -0.004747
   -0.000386   -0.004692
   -0.000375   -0.004638
   -0.000364   -0.004583
   -0.000353   -0.004528
   -0.000342   -0.004473
   -0.000330   -0.004418
   -0.000318   -0.004362
   -0.000306   -0.004307
   -0.000293   -0.004252
   -0.000281   -0.004196
   -0.000268   -0.004141
   -0.000254   -0.004086
   -0.000241   -0.004031
   -0.000227   -0.003976
   -0.000213   -0.003922
   -0.000199   -0.003867
   -0.000185   -0.003813
   -0.000170   -0.003759
   -0.000155   -0.003705
   -0.000140   -0.003652
   -0.000125   -0.003598
   -0.000109   -0.003545
   -0.000093   -0.003493
   -0.000077   -0.003441
   -0.000061   -0.003389
   -0.000044   -0.003337
   -0.000028   -0.003286
   -0.000011   -0.003235
    0.000006   -0.003185
    0.000023   -0.003135
    0.000041   -0.003086
    0.000058   -0.003037
    0.000076   -0.002988
    0.000094   -0.002940
    0.000112   -0.002893
    0.000130   -0.002846
    0.000149   -0.002799
    0.000167   -0.002753
    0.000186   -0.002707
    0.000205   -0.002662
    0.000224   -0.002617
    0.000243   -0.002573
    0.000262   -0.002529
    0.000281   -0.002485
    0.000300   -0.002442
    0.000320   -0.002400
    0.000339   -0.002358
    0.000359   -0.002316
    0.000378   -0.002275
    0.000398   -0.002234
    0.000418   -0.002194
    0.000437   -0.002154
    0.000457   -0.002114
    0.000477   -0.002075
    0.000497   -0.002036
    0.000516   -0.001998
    0.000536   -0.001959
    0.000556   -0.001922
    0.000575   -0.001884
    0.000595   -0.001847
    0.000615   -0.001810
    0.000634   -0.001773
    0.000654   -0.001736
    0.000673   -0.001700
    0.000692   -0.001664
    0.000712   -0.001628
    0.000731   -0.001592
    0.000750   -0.001556
    0.000768   -0.001520
    0.000787   -0.001485
    0.000806   -0.001449
    0.000824   -0.001414
    0.000842   -0.001378
    0.000860   -0.001343
    0.000878   -0.001307
    0.000896   -0.001272
    0.000913   -0.001236
    0.000930   -0.001200
    0.000947   -0.001164
    0.000964   -0.001128
    0.000980   -0.001092
    0.000997   -0.001056
    0.001012   -0.001019
    0.001028   -0.000982
    0.001043   -0.000945
    0.001059   -0.000907
    0.001073   -0.000870
    0.001088   -0.000831
    0.001102   -0.000793
    0.001116   -0.000754
    0.001129   -0.000715
    0.001142   -0.000675
    0.001155   -0.000635
    0.001167   -0.000594
    0.001179   -0.000553
    0.001190   -0.000511
    0.001202   -0.000469
    0.001212   -0.000426
    0.001223   -0.000382
    0.001233   -0.000338
    0.001242   -0.000294
    0.001251   -0.000248
    0.001260   -0.000202
    0.001268   -0.000156
    0.001275   -0.000108
    0.001283   -0.000060
    0.001289   -0.000012
    0.001296    0.000038
    0.001301    0.000088
    0.001307    0.000139
    0.001311    0.000191
    0.001316    0.000243
    0.001319    0.000297
    0.001323    0.000351
    0.001325    0.000405
    0.001328    0.000461
    0.001329    0.000518
    0.001331    0.000575
    0.001331    0.000633
    0.001331    0.000692
    0.001331    0.000752
    0.001330    0.000812
    0.001328    0.000874
    0.001326    0.000936
    0.001324    0.000999
    0.001321    0.001063
    0.001317    0.001127
    0.001313    0.001193
    0.001308    0.001259
    0.001303    0.001326
    0.001297    0.001394
    0.001290    0.001462
    0.001283    0.001531
    0.001276    0.001602
    0.001268    0.001672
    0.001259    0.001744
    0.001250    0.001816
    0.001240    0.001889
    0.001230    0.001962
    0.001219    0.002036
    0.001207    0.002111
    0.001195    0.002186
    0.001183    0.002262
    0.001170    0.002339
    0.001156    0.002416
    0.001142    0.002493
    0.001128    0.002571
    0.001113    0.002650
    0.001097    0.002728
    0.001081    0.002808
    0.001064    0.002887
    0.001047    0.002967
    0.001029    0.003047
    0.001011    0.003128
    0.000993    0.003208
    0.000974    0.003289
    0.000954    0.003370
    0.000934    0.003451
    0.000914    0.003532
    0.000893    0.003614
    0.000871    0.003695
    0.000849    0.003776
    0.000827    0.003857
    0.000805    0.003938
    0.000782    0.004019
    0.000758    0.004099
    0.000734    0.004179
    0.000710    0.004259
    0.000685    0.004339
    0.000660    0.004418
    0.000635    0.004497
    0.000609    0.004576
    0.000583    0.004653
    0.000557    0.004731
    0.000530    0.004807
    0.000503    0.004883
    0.000476    0.004958
    0.000448    0.005033
    0.000421    0.005107
    0.000392    0.005179
    0.000364    0.005251
    0.000335    0.005322
    0.000306    0.005392
    0.000277    0.005461
    0.000248    0.005529
    0.000219    0.005596
    0.000189    0.005661
    0.000159    0.005725
    0.000129    0.005788
    0.000099    0.005850
    0.000068    0.005910
    0.000038    0.005969
    0.000007    0.006026
   -0.000024    0.006082
   -0.000055    0.006136
   -0.000086    0.006189
   -0.000117    0.006240
   -0.000148    0.006289
   -0.000179    0.006337
   -0.000210    0.006383
   -0.000241    0.006427
   -0.000273    0.006469
   -0.000304    0.006509
   -0.000335    0.006547
   -0.000366    0.006583
   -0.000397    0.006617
   -0.000429    0.006650
   -0.000460    0.006680
   -0.000491    0.006708
   -0.000522    0.006733
   -0.000553    0.006757
   -0.000583    0.006778
   -0.000614    0.006798
   -0.000645    0.006814
   -0.000675    0.006829
   -0.000705    0.006841
   -0.000736    0.006851
   -0.000766    0.006858
   -0.000795    0.006863
   -0.000825    0.006866
   -0.000854    0.006866
   -0.000884    0.006864
   -0.000913    0.006859
   -0.000941    0.006851
   -0.000970    0.006841
   -0.000998    0.006829
   -0.001026    0.006814
   -0.001054    0.006796
   -0.001081    0.006776
   -0.001108    0.006754
   -0.001135    0.006728
   -0.001162    0.006700
   -0.001188    0.006670
   -0.001214    0.006637
   -0.001239    0.006601
   -0.001264    0.006563
   -0.001289    0.006522
   -0.001313    0.006478
   -0.001337    0.006432
   -0.001361    0.006384
   -0.001384    0.006332
   -0.001407    0.006279
   -0.001430    0.006222
   -0.001452    0.006163
   -0.001473    0.006102
   -0.001494    0.006038
   -0.001515    0.005972
   -0.001535    0.005903
   -0.001555    0.005831
   -0.001574    0.005758
   -0.001593    0.005682
   -0.001611    0.005603
   -0.001629    0.005522
   -0.001646    0.005439
   -0.001663    0.005354
   -0.001679    0.005266
   -0.001695    0.005176
   -0.001710    0.005084
   -0.001725    0.004990
   -0.001739    0.004893
   -0.001752    0.004795
   -0.001765    0.004694
   -0.001778    0.004592
   -0.001790    0.004487
   -0.001801    0.004381
   -0.001812    0.004273
   -0.001822    0.004163
   -0.001831    0.004051
   -0.001840    0.003937
   -0.001849    0.003822
   -0.001857    0.003705
   -0.001864    0.003587
   -0.001870    0.003467
   -0.001876    0.003345
   -0.001882    0.003223
   -0.001886    0.003098
   -0.001890    0.002973
   -0.001894    0.002846
   -0.001897    0.002718
   -0.001899    0.002589
   -0.001900    0.002459
   -0.001901    0.002327
   -0.001902    0.002195
   -0.001901    0.002062
   -0.001900    0.001928
   -0.001899    0.001794
   -0.001897    0.001658
   -0.001894    0.001522
   -0.001890    0.001386
   -0.001886    0.001248
   -0.001881    0.001111
   -0.001876    0.000973
   -0.001869    0.000834
   -0.001863    0.000696
   -0.001855    0.000557
   -0.001847    0.000418
   -0.001838    0.000279
   -0.001829    0.000139
   -0.001819    0.000000
   -0.001808   -0.000139
   -0.001797   -0.000277
   -0.001785   -0.000416
   -0.001772   -0.000554
   -0.001759   -0.000692
   -0.001745   -0.000830
   -0.001731   -0.000967
   -0.001716   -0.001103
   -0.001700   -0.001239
   -0.001683   -0.001375
   -0.001666   -0.001509
   -0.001649   -0.001643
   -0.001630   -0.001776
   -0.001612   -0.001908
   -0.001592   -0.002039
   -0.001572   -0.002169
   -0.001551   -0.002298
   -0.001530   -0.002426
   -0.001508   -0.002552
   -0.001486   -0.002678
   -0.001462   -0.002802
   -0.001439   -0.002925
   -0.001415   -0.003046
   -0.001390   -0.003166
   -0.001365   -0.003285
   -0.001339   -0.003402
   -0.001312   -0.003517
   -0.001285   -0.003631
   -0.001258   -0.003743
   -0.001230   -0.003854
   -0.001201   -0.003962
   -0.001172   -0.004069
   -0.001142   -0.004174
   -0.001112   -0.004277
   -0.001082   -0.004379
   -0.001051   -0.004478
   -0.001019   -0.004576
   -0.000987   -0.004671
   -0.000955   -0.004764
   -0.000922   -0.004855
   -0.000889   -0.004945
   -0.000855   -0.005032
   -0.000821   -0.005117
   -0.000786   -0.005199
   -0.000751   -0.005280
   -0.000716   -0.005358
   -0.000680   -0.005434
   -0.000644   -0.005508
   -0.000608   -0.005579
   -0.000571   -0.005648
   -0.000534   -0.005715
   -0.000496   -0.005780
   -0.000459   -0.005842
   -0.000421   -0.005902
   -0.000382   -0.005959
   -0.000344   -0.006014
   -0.000305   -0.006067
   -0.000266   -0.006117
   -0.000226   -0.006165
   -0.000187   -0.006210
   -0.000147   -0.006253
   -0.000107   -0.006294
   -0.000067   -0.006332
   -0.000027   -0.006368
    0.000014   -0.006402
    0.000054   -0.006433
    0.000095   -0.006461
    0.000136   -0.006488
    0.000177   -0.006512
    0.000218   -0.006533
    0.000259   -0.006552
    0.000300   -0.006569
    0.000341   -0.006584
    0.000383   -0.006596
    0.000424   -0.006606
    0.000465   -0.006613
    0.000506   -0.006619
    0.000547   -0.006622
    0.000588   -0.006623
    0.000630   -0.006621
    0.000670   -0.006618
    0.000711   -0.006612
    0.000752   -0.006604
    0.000793   -0.006594
    0.000833   -0.006582
    0.000873   -0.006568
    0.000914   -0.006551
    0.000954   -0.006533
    0.000993   -0.006513
    0.001033   -0.006490
    0.001072   -0.006466
    0.001111   -0.006440
    0.001150   -0.006412
    0.001188   -0.006382
    0.001226   -0.006350
    0.001264   -0.006317
    0.001302   -0.006282
    0.001339   -0.006244
    0.001376   -0.006206
    0.001412   -0.006165
    0.001448   -0.006123
    0.001484   -0.006080
    0.001519   -0.006034
    0.001553   -0.005987
    0.001588   -0.005939
    0.001621   -0.005889
    0.001655   -0.005838
    0.001687   -0.005786
    0.001720   -0.005732
    0.001751   -0.005676
    0.001783   -0.005620
    0.001813   -0.005562
    0.001843   -0.005503
    0.001873   -0.005442
    0.001902   -0.005381
    0.001930   -0.005318
    0.001957   -0.005255
    0.001984   -0.005190
    0.002011   -0.005124
    0.002036   -0.005058
    0.002061   -0.004990
    0.002085   -0.004921
    0.002109   -0.004852
    0.002132   -0.004781
    0.002154   -0.004710
    0.002175   -0.004638
    0.002196   -0.004565
    0.002215   -0.004492
    0.002234   -0.004418
    0.002253   -0.004343
    0.002270   -0.004267
    0.002287   -0.004191
    0.002303   -0.004115
    0.002318   -0.004038
    0.002332   -0.003960
    0.002345   -0.003882
    0.002358   -0.003803
    0.002369   -0.003724
    0.002380   -0.003645
    0.002390   -0.003565
    0.002399   -0.003485
    0.002407   -0.003404
    0.002415   -0.003323
    0.002421   -0.003242
    0.002427   -0.003161
    0.002431   -0.003080
    0.002435   -0.002998
    0.002438   -0.002916
    0.002440   -0.002834
    0.002441   -0.002752
    0.002441   -0.002670
    0.002440   -0.002587
    0.002438   -0.002505
    0.002435   -0.002423
    0.002432   -0.002340
    0.002427   -0.002258
    0.002422   -0.002175
    0.002415   -0.002093
    0.002408   -0.002011
    0.002400   -0.001928
    0.002391   -0.001846
    0.002380   -0.001764
    0.002369   -0.001682
    0.002358   -0.001600
    0.002345   -0.001519
    0.002331   -0.001437
    0.002316   -0.001356
    0.002301   -0.001275
    0.002285   -0.001194
    0.002267   -0.001113
    0.002249   -0.001033
    0.002230   -0.000953
    0.002210   -0.000873
    0.002190   -0.000793
    0.002168   -0.000714
    0.002145   -0.000635
    0.002122   -0.000556
    0.002098   -0.000477
    0.002073   -0.000399
    0.002048   -0.000321
    0.002021   -0.000244
    0.001994   -0.000167
    0.001966   -0.000090
    0.001937   -0.000014
    0.001907    0.000062
    0.001877    0.000138
    0.001846    0.000213
    0.001814    0.000288
    0.001782    0.000362
    0.001749    0.000436
    0.001715    0.000509
    0.001681    0.000582
    0.001646    0.000655
    0.001610    0.000727
    0.001574    0.000799
    0.001537    0.000870
    0.001499    0.000940
    0.001461    0.001011
    0.001423    0.001080
    0.001384    0.001149
    0.001344    0.001218
    0.001304    0.001286
    0.001263    0.001354
    0.001222    0.001421
    0.001181    0.001487
    0.001139    0.001553
    0.001097    0.001619
    0.001054    0.001683
    0.001011    0.001748
    0.000967    0.001811
    0.000924    0.001874
    0.000879    0.001937
    0.000835    0.001999
    0.000790    0.002060
    0.000745    0.002120
    0.000700    0.002180
    0.000655    0.002240
    0.000609    0.002298
    0.000564    0.002356
    0.000518    0.002413
    0.000472    0.002470
    0.000426    0.002526
    0.000379    0.002581
    0.000333    0.002635
    0.000287    0.002689
    0.000240    0.002742
    0.000194    0.002794
    0.000148    0.002846
    0.000101    0.002896
    0.000055    0.002946
    0.000009    0.002995
   -0.000038    0.003044
   -0.000084    0.003091
   -0.000130    0.003138
   -0.000175    0.003184
   -0.000221    0.003229
   -0.000267    0.003273
   -0.000312    0.003316
   -0.000357    0.003358
   -0.000402    0.003400
   -0.000446    0.003440
   -0.000491    0.003480
   -0.000535    0.003519
   -0.000578    0.003556
   -0.000622    0.003593
   -0.000664    0.003629
   -0.000707    0.003664
   -0.000749    0.003697
   -0.000791    0.003730
   -0.000833    0.003762
   -0.000874    0.003793
   -0.000914    0.003822
   -0.000954    0.003851
   -0.000994    0.003879
   -0.001033    0.003905
   -0.001071    0.003931
   -0.001109    0.003955
   -0.001147    0.003978
   -0.001184    0.004000
   -0.001220    0.004021
   -0.001256    0.004041
   -0.001291    0.004059
   -0.001326    0.004077
   -0.001360    0.004093
   -0.001393    0.004108
   -0.001426    0.004122
   -0.001458    0.004135
   -0.001489    0.004146
   -0.001520    0.004156
   -0.001549    0.004165
   -0.001579    0.004173
   -0.001607    0.004180
   -0.001635    0.004185
   -0.001662    0.004189
   -0.001688    0.004191
   -0.001714    0.004193
   -0.001739    0.004193
   -0.001763    0.004192
   -0.001786    0.004190
   -0.001809    0.004186
   -0.001831    0.004181
   -0.001852    0.004175
   -0.001872    0.004167
   -0.001891    0.004158
   -0.001910    0.004148
   -0.001928    0.004136
   -0.001945    0.004124
   -0.001961    0.004109
   -0.001976    0.004094
   -0.001991    0.004077
   -0.002004    0.004059
   -0.002017    0.004040
   -0.002029    0.004019
   -0.002041    0.003997
   -0.002051    0.003974
   -0.002061    0.003950
   -0.002069    0.003924
   -0.002077    0.003897
   -0.002084    0.003869
   -0.002091    0.003840
   -0.002096    0.003809
   -0.002101    0.003777
   -0.002105    0.003744
   -0.002108    0.003709
   -0.002110    0.003674
   -0.002112    0.003637
   -0.002112    0.003599
   -0.002112    0.003560
   -0.002111    0.003520
   -0.002110    0.003479
   -0.002107    0.003436
   -0.002104    0.003393
   -0.002100    0.003348
   -0.002095    0.003303
   -0.002089    0.003256
   -0.002083    0.003209
   -0.002076    0.003160
   -0.002068    0.003111
   -0.002060    0.003060
   -0.002051    0.003009
   -0.002041    0.002956
   -0.002030    0.002903
   -0.002019    0.002849
   -0.002007    0.002794
   -0.001994    0.002739
   -0.001981    0.002682
   -0.001967    0.002625
   -0.001953    0.002567
   -0.001937    0.002509
   -0.001922    0.002450
   -0.001905    0.002390
   -0.001888    0.002330
   -0.001870    0.002269
   -0.001852    0.002207
   -0.001833    0.002146
   -0.001814    0.002083
   -0.001794    0.002020
   -0.001774    0.001957
   -0.001753    0.001894
   -0.001731    0.001830
   -0.001710    0.001766
   -0.001687    0.001701
   -0.001664    0.001637
   -0.001641    0.001572
   -0.001617    0.001507
   -0.001593    0.001442
   -0.001568    0.001377
   -0.001543    0.001312
   -0.001518    0.001247
   -0.001492    0.001182
   -0.001466    0.001117
   -0.001439    0.001052
   -0.001412    0.000987
   -0.001385    0.000923
   -0.001358    0.000858
   -0.001330    0.000794
   -0.001302    0.000731
   -0.001273    0.000667
   -0.001245    0.000605
   -0.001216    0.000542
   -0.001187    0.000480
   -0.001157    0.000419
   -0.001128    0.000358
   -0.001098    0.000297
   -0.001068    0.000237
   -0.001038    0.000178
   -0.001007    0.000120
   -0.000977    0.000062
   -0.000946    0.000005
   -0.000915   -0.000051
   -0.000885   -0.000106
   -0.000854   -0.000160
   -0.000823   -0.000214
   -0.000792   -0.000266
   -0.000760   -0.000318
   -0.000729   -0.000368
   -0.000698   -0.000418
   -0.000667   -0.000466
   -0.000635   -0.000514
   -0.000604   -0.000560
   -0.000573   -0.000605
   -0.000541   -0.000648
   -0.000510   -0.000691
   -0.000479   -0.000732
   -0.000448   -0.000772
   -0.000416   -0.000811
   -0.000385   -0.000848
   -0.000354   -0.000884
   -0.000323   -0.000918
   -0.000293   -0.000951
   -0.000262   -0.000983
