    0.000000    0.000000
    0.000000    0.000000
    0.000000    0.000000
    0.000000    0.000000
    0.000000    0.000000
    0.000000    0.000000
    0.000000    0.000000
    0.000000    0.000000
    0.000000    0.000000
    0.000000    0.000000
    0.000000    0.000000
    0.000000    0.000000
    0.000000    0.000000
    0.000000    0.000000
    0.000000    0.000000
    0.000000    0.000000
    0.000000    0.000000
    0.000000    0.000000
    0.000000    0.000000
    0.000000    0.000000
    0.000000    0.000000
    0.000000    0.000000
    0.000000    0.000000
    0.000000    0.000000
    0.000000    0.000000
   -0.000000    0.000000
    0.000000   -0.000000
    0.000000   -0.000000
   -0.000000   -0.000000
   -0.000000    0.000000
   -0.000000   -0.000000
    0.000000    0.000000
    0.000000    0.000000
    0.000000   -0.000000
    0.000000   -0.000000
    0.000000   -0.000000
    0.000000   -0.000000
    0.000000   -0.000000
    0.000000   -0.000000
    0.000000   -0.000000
    0.000000   -0.000000
    0.000000   -0.000000
    0.000000   -0.000000
    0.000000   -0.000000
    0.000000   -0.000000
    0.000000   -0.000000
    0.000000   -0.000000
    0.000000   -0.000000
    0.000000   -0.000000
    0.000000    0.000000
    0.000000    0.000000
    0.000000    0.000000
    0.000000    0.000000
    0.000000    0.000000
   -0.000000    0.000000
   -0.000000    0.000000
   -0.000000    0.000000
   -0.000000    0.000000
   -0.000000    0.000000
   -0.000000    0.000000
   -0.000000    0.000000
   -0.000000    0.000000
   -0.000000    0.000000
   -0.000000    0.000000
   -0.000000    0.000000
   -0.000000    0.000000
   -0.000000    0.000000
   -0.000000    0.000000
   -0.000000    0.000000
   -0.000000    0.000000
   -0.000000    0.000000
   -0.000000    0.000000
   -0.000000    0.000000
   -0.000000    0.000000
   -0.000000    0.000000
   -0.000000    0.000000
   -0.000000    0.000000
   -0.000000    0.000000
   -0.000000    0.000000
   -0.000000    0.000000
   -0.000000    0.000000
   -0.000000    0.000000
   -0.000000    0.000000
   -0.000000    0.000000
   -0.000000    0.000000
   -0.000000    0.000000
   -0.000000    0.000000
   -0.000000    0.000000
    0.000000    0.000000
    0.000000    0.000000
    0.000000   -0.000000
    0.000000   -0.000000
    0.000000   -0.000000
    0.000000   -0.000000
    0.000000   -0.000000
    0.000000   -0.000000
    0.000000   -0.000000
    0.000000   -0.000000
    0.000000   -0.000000
    0.000000   -0.000000
    0.000000   -0.000000
    0.000000   -0.000000
    0.000000   -0.000000
    0.000000   -0.000000
    0.000000   -0.000000
    0.000000   -0.000000
    0.000000   -0.000000
    0.000000   -0.000000
    0.000000   -0.000000
    0.000000   -0.000000
    0.000000   -0.000000
    0.000000   -0.000000
    0.000000   -0.000000
    0.000000   -0.000000
    0.000000   -0.000000
    0.000000   -0.000000
    0.000000   -0.000000
    0.000000   -0.000000
    0.000000   -0.000000
    0.000000   -0.000000
    0.000000   -0.000000
    0.000000   -0.000000
    0.000000   -0.000000
    0.000000   -0.000000
    0.000000   -0.000000
    0.000000   -0.000000
    0.000000   -0.000000
    0.000000   -0.000000
    0.000000   -0.000000
    0.000000   -0.000000
    0.000000   -0.000000
    0.000000   -0.000000
    0.000000   -0.000000
    0.000000   -0.000000
    0.000000   -0.000000
    0.000000   -0.000000
    0.000000   -0.000000
    0.000000   -0.000000
    0.000000   -0.000000
    0.000000   -0.000000
    0.000000   -0.000000
    0.000000   -0.000000
    0.000000   -0.000000
    0.000000   -0.000000
    0.000000   -0.000000
    0.000000   -0.000000
    0.000000   -0.000000
    0.000000   -0.000000
    0.000000   -0.000000
    0.000000   -0.000000
    0.000000   -0.000000
    0.000000   -0.000000
    0.000000   -0.000000
    0.000000   -0.000000
    0.000000   -0.000000
    0.000000   -0.000000
    0.000000   -0.000000
    0.000000   -0.000000
    0.000000   -0.000000
    0.000000   -0.000000
    0.000000   -0.000000
    0.000000   -0.000000
    0.000000   -0.000000
    0.000000   -0.000000
    0.000000   -0.000000
    0.000000   -0.000000
    0.000000   -0.000000
    0.000000   -0.000000
    0.000000   -0.000000
    0.000000   -0.000000
    0.000000   -0.000000
    0.000000   -0.000000
    0.000000   -0.000000
    0.000000   -0.000000
    0.000000   -0.000000
    0.000000   -0.000000
    0.000000   -0.000000
    0.000000   -0.000000
    0.000000   -0.000000
    0.000000   -0.000000
    0.000000   -0.000000
    0.000000   -0.000000
    0.000000   -0.000000
    0.000000   -0.000000
    0.000000   -0.000000
    0.000000   -0.000000
    0.000000   -0.000000
    0.000000   -0.000000
    0.000000   -0.000000
    0.000000   -0.000000
    0.000000   -0.000000
    0.000000   -0.000000
    0.000000   -0.000000
   -0.000000    0.000000
   -0.000000    0.000000
   -0.000000    0.000000
   -0.000000    0.000000
   -0.000000    0.000000
   -0.000000    0.000000
   -0.000000    0.000000
   -0.000000    0.000000
   -0.000000    0.000000
    0.000000    0.000000
    0.000000    0.000000
    0.000000    0.000000
    0.000000   -0.000000
    0.000000   -0.000000
    0.000000   -0.000000
    0.000000   -0.000000
    0.000000   -0.000000
    0.000000   -0.000000
    0.000000   -0.000000
    0.000000   -0.000000
    0.000000   -0.000000
    0.000000   -0.000000
    0.000000   -0.000000
    0.000000   -0.000000
    0.000000   -0.000000
    0.000000   -0.000000
    0.000000   -0.000000
    0.000000   -0.000000
    0.000000   -0.000000
    0.000000   -0.000000
    0.000000   -0.000000
    0.000000   -0.000000
    0.000000   -0.000000
    0.000000   -0.000000
    0.000000   -0.000000
    0.000000   -0.000000
    0.000000   -0.000000
    0.000000   -0.000000
    0.000000   -0.000000
    0.000000   -0.000000
    0.000000   -0.000000
    0.000000   -0.000000
    0.000000   -0.000000
    0.000000   -0.000000
    0.000000   -0.000000
    0.000000   -0.000000
    0.000000   -0.000000
    0.000000   -0.000000
    0.000000   -0.000000
    0.000000   -0.000000
    0.000000   -0.000000
    0.000000   -0.000000
    0.000000   -0.000000
    0.000000   -0.000000
    0.000000   -0.000000
    0.000000   -0.000000
    0.000000   -0.000000
    0.000000   -0.000000
    0.000000   -0.000000
    0.000000   -0.000000
    0.000000   -0.000000
    0.000000   -0.000000
    0.000000   -0.000000
    0.000000   -0.000000
    0.000000   -0.000000
    0.000000   -0.000000
    0.000000   -0.000000
    0.000000   -0.000000
    0.000000   -0.000000
    0.000000   -0.000000
    0.000000   -0.000000
    0.000000   -0.000000
    0.000000   -0.000000
    0.000000   -0.000000
    0.000000   -0.000000
    0.000000   -0.000000
    0.000000   -0.000000
    0.000000   -0.000000
    0.000000   -0.000000
    0.000000   -0.000000
    0.000000   -0.000000
    0.000000   -0.000000
    0.000000   -0.000000
    0.000000   -0.000000
    0.000000   -0.000000
    0.000000   -0.000000
    0.000000   -0.000000
    0.000000   -0.000000
    0.000000   -0.000000
    0.000000   -0.000000
    0.000000   -0.000000
    0.000000   -0.000000
    0.000000   -0.000000
    0.000000   -0.000000
    0.000000   -0.000000
    0.000000   -0.000000
    0.000000   -0.000000
    0.000000   -0.000000
    0.000000   -0.000000
    0.000000   -0.000000
    0.000000   -0.000000
    0.000000   -0.000000
    0.000000   -0.000000
    0.000000   -0.000000
    0.000000   -0.000000
    0.000000   -0.000000
    0.000000   -0.000000
    0.000000   -0.000000
    0.000000   -0.000000
    0.000000   -0.000000
    0.000000   -0.000000
    0.000000   -0.000000
    0.000000   -0.000000
    0.000000   -0.000000
    0.000000   -0.000000
    0.000000   -0.000000
    0.000000   -0.000000
    0.000000   -0.000000
    0.000000   -0.000000
    0.000000   -0.000000
    0.000000   -0.000000
    0.000000   -0.000000
    0.000000   -0.000000
    0.000000   -0.000000
    0.000000   -0.000000
    0.000000   -0.000000
    0.000000   -0.000000
    0.000000   -0.000000
    0.000000   -0.000000
    0.000000   -0.000000
    0.000000   -0.000000
    0.000000   -0.000000
    0.000000   -0.000000
    0.000000   -0.000000
    0.000000   -0.000000
    0.000000   -0.000000
    0.000000   -0.000000
    0.000000   -0.000000
    0.000000   -0.000000
    0.000000   -0.000000
    0.000000   -0.000000
    0.000000   -0.000000
    0.000000   -0.000000
    0.000000   -0.000000
    0.000000   -0.000000
    0.000000   -0.000000
    0.000000   -0.000000
    0.000000   -0.000000
    0.000000   -0.000000
    0.000000   -0.000000
    0.000000   -0.000000
    0.000000   -0.000000
    0.000000   -0.000000
    0.000000   -0.000000
    0.000000   -0.000000
    0.000000   -0.000000
    0.000000   -0.000000
    0.000000   -0.000000
    0.000000   -0.000000
    0.000000   -0.000000
    0.000000   -0.000000
    0.000000   -0.000000
    0.000000   -0.000000
    0.000000   -0.000000
    0.000000   -0.000000
    0.000000   -0.000000
    0.000000   -0.000000
    0.000000   -0.000000
    0.000000   -0.000000
    0.000000   -0.000000
    0.000000   -0.000000
    0.000000   -0.000000
    0.000000   -0.000000
    0.000000   -0.000000
    0.000000   -0.000000
    0.000000   -0.000000
    0.000000   -0.000000
    0.000000   -0.000000
    0.000000   -0.000000
    0.000000   -0.000000
    0.000000   -0.000000
    0.000000   -0.000000
    0.000000   -0.000000
    0.000000   -0.000000
    0.000000   -0.000000
    0.000000   -0.000000
    0.000000   -0.000000
    0.000000   -0.000000
    0.000000   -0.000000
    0.000000   -0.000000
    0.000000   -0.000000
    0.000000   -0.000000
    0.000000   -0.000000
    0.000000   -0.000000
    0.000000   -0.000000
    0.000000   -0.000000
    0.000000   -0.000000
    0.000000   -0.000000
    0.000000   -0.000000
    0.000000   -0.000000
    0.000000   -0.000000
    0.000000   -0.000000
    0.000000   -0.000000
    0.000000   -0.000000
    0.000000   -0.000000
    0.000000   -0.000000
    0.000000   -0.000000
    0.000000   -0.000000
    0.000000   -0.000000
    0.000000   -0.000000
    0.000000   -0.000000
    0.000000   -0.000000
    0.000000   -0.000000
    0.000000   -0.000000
    0.000000   -0.000000
    0.000000   -0.000000
    0.000000   -0.000000
    0.000000   -0.000000
    0.000000   -0.000000
    0.000000   -0.000000
    0.000000   -0.000000
    0.000000   -0.000000
    0.000000   -0.000000
    0.000000   -0.000000
    0.000000   -0.000000
    0.000000   -0.000000
    0.000000   -0.000000
    0.000000   -0.000000
    0.000000   -0.000000
    0.000000   -0.000000
    0.000000   -0.000000
    0.000000   -0.000000
    0.000000   -0.000000
    0.000000   -0.000000
    0.000000   -0.000000
    0.000000   -0.000000
    0.000000   -0.000000
    0.000000   -0.000000
    0.000000   -0.000000
    0.000000   -0.000000
    0.000000   -0.000000
    0.000000   -0.000000
    0.000000   -0.000000
    0.000000   -0.000000
    0.000000   -0.000000
    0.000000   -0.000000
    0.000000   -0.000000
    0.000000   -0.000000
    0.000000   -0.000000
    0.000000   -0.000000
    0.000000   -0.000000
    0.000000   -0.000000
    0.000000   -0.000000
    0.000000   -0.000000
    0.000000   -0.000000
    0.000000   -0.000000
    0.000000   -0.000000
    0.000000   -0.000000
    0.000000   -0.000000
    0.000000   -0.000000
    0.000000   -0.000000
    0.000000   -0.000000
    0.000000   -0.000000
    0.000000   -0.000000
    0.000000   -0.000000
    0.000000   -0.000000
    0.000000   -0.000000
    0.000000   -0.000000
    0.000000   -0.000000
    0.000000   -0.000000
    0.000000   -0.000000
    0.000000   -0.000000
    0.000000   -0.000000
    0.000000   -0.000000
    0.000000   -0.000000
    0.000000   -0.000000
    0.000000   -0.000000
    0.000000   -0.000000
    0.000000   -0.000000
    0.000000   -0.000000
    0.000000   -0.000000
    0.000000   -0.000000
    0.000000   -0.000000
    0.000000   -0.000000
    0.000000   -0.000000
    0.000000   -0.000000
    0.000000   -0.000000
    0.000000   -0.000000
    0.000000   -0.000000
    0.000000   -0.000000
    0.000000   -0.000000
    0.000000   -0.000000
    0.000000   -0.000000
    0.000000   -0.000000
    0.000000   -0.000000
    0.000000   -0.000000
    0.000000   -0.000000
    0.000000   -0.000000
    0.000000   -0.000000
    0.000000   -0.000000
    0.000000   -0.000000
    0.000000   -0.000000
    0.000000   -0.000000
    0.000000   -0.000000
    0.000000   -0.000000
    0.000000   -0.000000
    0.000000   -0.000000
    0.000000   -0.000000
    0.000000   -0.000000
    0.000000   -0.000000
    0.000000   -0.000000
    0.000000   -0.000000
    0.000000   -0.000000
    0.000000   -0.000000
    0.000000   -0.000000
    0.000000   -0.000000
    0.000000   -0.000000
    0.000000   -0.000000
    0.000000   -0.000000
    0.000000   -0.000000
    0.000000   -0.000000
    0.000000   -0.000000
    0.000000   -0.000000
    0.000000   -0.000000
    0.000000   -0.000000
    0.000000   -0.000000
    0.000000   -0.000000
    0.000000   -0.000000
    0.000000   -0.000000
    0.000000   -0.000000
    0.000000   -0.000000
    0.000000   -0.000000
    0.000000   -0.000000
    0.000000   -0.000000
    0.000000   -0.000000
    0.000000   -0.000000
    0.000000   -0.000000
    0.000000   -0.000000
    0.000000   -0.000000
    0.000000   -0.000000
    0.000000   -0.000000
    0.000000   -0.000000
    0.000000   -0.000000
    0.000000   -0.000000
    0.000000   -0.000000
    0.000000   -0.000000
    0.000000   -0.000000
    0.000000   -0.000000
    0.000000   -0.000000
    0.000000   -0.000000
    0.000000   -0.000000
    0.000000   -0.000000
    0.000000   -0.000000
    0.000000   -0.000000
    0.000000   -0.000000
    0.000000   -0.000000
    0.000000   -0.000000
    0.000000   -0.000000
    0.000000   -0.000000
    0.000000   -0.000000
    0.000000   -0.000000
    0.000000   -0.000000
    0.000000   -0.000000
    0.000000   -0.000000
    0.000000   -0.000000
    0.000000   -0.000000
    0.000000   -0.000000
    0.000000   -0.000000
    0.000000   -0.000000
    0.000000   -0.000000
    0.000000   -0.000000
    0.000000   -0.000000
    0.000000   -0.000000
    0.000000   -0.000000
    0.000000   -0.000000
    0.000000   -0.000000
    0.000000   -0.000000
    0.000000   -0.000000
    0.000000   -0.000000
    0.000000   -0.000000
    0.000000   -0.000000
    0.000000   -0.000000
    0.000000   -0.000000
    0.000000   -0.000000
    0.000000   -0.000000
    0.000000   -0.000000
    0.000000   -0.000000
    0.000000   -0.000000
    0.000000   -0.000000
    0.000000   -0.000000
    0.000000   -0.000000
    0.000000   -0.000000
    0.000000   -0.000000
    0.000000   -0.000000
    0.000000   -0.000000
    0.000000   -0.000000
    0.000000   -0.000000
    0.000000   -0.000000
    0.000000   -0.000000
    0.000000   -0.000000
    0.000000   -0.000000
    0.000000   -0.000000
    0.000000   -0.000000
    0.000000   -0.000000
    0.000000   -0.000000
    0.000000   -0.000000
    0.000000   -0.000000
    0.000000   -0.000000
    0.000000   -0.000000
    0.000000   -0.000000
    0.000000   -0.000000
    0.000000   -0.000000
    0.000000   -0.000000
    0.000000   -0.000000
    0.000000   -0.000000
    0.000000   -0.000000
    0.000000   -0.000000
    0.000000   -0.000000
    0.000000   -0.000000
    0.000000   -0.000000
    0.000000   -0.000000
    0.000000   -0.000000
    0.000000   -0.000000
    0.000000   -0.000000
    0.000000   -0.000000
    0.000000   -0.000000
    0.000000   -0.000000
    0.000000   -0.000000
    0.000000   -0.000000
    0.000000   -0.000000
    0.000000   -0.000000
    0.000000   -0.000000
    0.000000   -0.000000
    0.000000   -0.000000
    0.000000   -0.000000
    0.000000   -0.000000
    0.000000   -0.000000
    0.000000   -0.000000
    0.000000   -0.000000
    0.000000   -0.000000
    0.000000   -0.000000
    0.000000   -0.000000
    0.000000   -0.000000
    0.000000   -0.000000
    0.000000   -0.000000
    0.000000   -0.000000
    0.000000   -0.000000
    0.000000   -0.000000
    0.000000   -0.000000
    0.000000   -0.000000
    0.000000   -0.000000
    0.000000   -0.000000
    0.000000   -0.000000
    0.000000   -0.000000
    0.000000   -0.000000
    0.000000   -0.000000
    0.000000   -0.000000
    0.000000   -0.000000
    0.000000   -0.000000
    0.000000   -0.000000
    0.000000   -0.000000
    0.000000   -0.000000
    0.000000   -0.000000
    0.000000   -0.000000
    0.000000   -0.000000
    0.000000   -0.000000
    0.000000   -0.000000
    0.000000   -0.000000
    0.000000   -0.000000
    0.000000   -0.000000
    0.000000   -0.000000
    0.000000   -0.000000
    0.000000   -0.000000
    0.000000   -0.000000
    0.000000   -0.000000
    0.000000   -0.000000
    0.000000   -0.000000
    0.000000   -0.000000
    0.000000   -0.000000
    0.000000   -0.000000
    0.000000   -0.000000
    0.000000   -0.000000
    0.000000   -0.000000
    0.000000   -0.000000
    0.000000   -0.000000
    0.000000   -0.000000
    0.000000   -0.000000
    0.000000   -0.000000
    0.000000   -0.000000
    0.000000   -0.000000
    0.000000   -0.000000
    0.000000   -0.000000
    0.000000   -0.000000
    0.000000   -0.000000
    0.000000   -0.000000
    0.000000   -0.000000
    0.000000   -0.000000
    0.000000   -0.000000
    0.000000   -0.000000
    0.000000   -0.000000
    0.000000   -0.000000
    0.000000   -0.000000
    0.000000   -0.000000
    0.000000   -0.000000
    0.000000   -0.000000
    0.000000   -0.000000
    0.000000   -0.000000
    0.000000   -0.000000
    0.000000   -0.000000
    0.000000   -0.000000
    0.000000   -0.000000
    0.000000   -0.000000
    0.000000   -0.000000
    0.000000   -0.000000
    0.000000   -0.000000
    0.000000   -0.000000
    0.000000   -0.000000
    0.000000   -0.000000
    0.000000   -0.000000
    0.000000   -0.000000
    0.000000   -0.000000
    0.000000   -0.000000
    0.000000   -0.000000
    0.000000   -0.000000
    0.000000   -0.000000
    0.000000   -0.000000
    0.000000   -0.000000
    0.000000   -0.000000
    0.000000   -0.000000
    0.000000   -0.000000
    0.000000   -0.000000
    0.000000   -0.000000
    0.000000   -0.000000
    0.000000   -0.000000
    0.000000   -0.000000
    0.000000   -0.000000
    0.000000   -0.000000
    0.000000   -0.000000
    0.000000   -0.000000
    0.000000   -0.000000
    0.000000   -0.000000
    0.000000   -0.000000
    0.000000   -0.000000
    0.000000   -0.000000
    0.000000   -0.000000
    0.000000   -0.000000
    0.000000   -0.000000
    0.000000   -0.000000
    0.000000   -0.000000
    0.000000   -0.000000
    0.000000   -0.000000
    0.000000   -0.000000
    0.000000   -0.000000
    0.000000   -0.000000
    0.000000   -0.000000
    0.000000   -0.000000
    0.000000   -0.000000
    0.000000   -0.000000
    0.000000   -0.000000
    0.000000   -0.000000
    0.000000   -0.000000
    0.000000   -0.000000
    0.000000   -0.000000
    0.000000   -0.000000
    0.000000   -0.000000
    0.000000   -0.000000
    0.000000   -0.000000
    0.000000   -0.000000
    0.000000   -0.000000
    0.000000   -0.000000
    0.000000   -0.000000
    0.000000   -0.000000
    0.000000   -0.000000
    0.000000   -0.000000
    0.000000   -0.000000
    0.000000   -0.000000
    0.000000   -0.000000
    0.000000   -0.000000
    0.000000   -0.000000
    0.000000   -0.000000
    0.000000   -0.000000
    0.000000   -0.000000
    0.000000   -0.000000
    0.000000   -0.000000
    0.000000   -0.000000
    0.000000   -0.000000
    0.000000   -0.000000
    0.000000   -0.000000
    0.000000   -0.000000
    0.000000   -0.000000
    0.000000   -0.000000
    0.000000   -0.000000
    0.000000   -0.000000
    0.000000   -0.000000
    0.000000   -0.000000
    0.000000   -0.000000
    0.000000   -0.000000
    0.000000   -0.000000
    0.000000   -0.000000
    0.000000   -0.000000
    0.000000   -0.000000
    0.000000   -0.000000
    0.000000   -0.000000
    0.000000   -0.000000
    0.000000   -0.000000
    0.000000   -0.000000
    0.000000   -0.000000
    0.000000   -0.000000
    0.000000   -0.000000
    0.000000   -0.000000
    0.000000   -0.000000
    0.000000   -0.000000
    0.000000   -0.000000
    0.000000   -0.000000
    0.000000   -0.000000
    0.000000   -0.000000
    0.000000   -0.000000
    0.000000   -0.000000
    0.000000   -0.000000
    0.000000   -0.000000
    0.000000   -0.000000
    0.000000   -0.000000
    0.000000   -0.000000
    0.000000   -0.000000
    0.000000   -0.000000
    0.000000   -0.000000
    0.000000   -0.000000
    0.000000   -0.000000
    0.000000   -0.000000
    0.000000   -0.000000
    0.000000   -0.000000
    0.000000   -0.000000
    0.000000   -0.000000
    0.000000   -0.000000
    0.000000   -0.000000
    0.000000   -0.000000
    0.000000   -0.000000
    0.000000   -0.000000
    0.000000   -0.000000
    0.000000   -0.000000
    0.000000   -0.000000
    0.000000   -0.000000
    0.000000   -0.000000
    0.000000   -0.000000
    0.000000   -0.000000
    0.000000   -0.000000
    0.000000   -0.000000
    0.000000   -0.000000
    0.000000   -0.000000
    0.000000   -0.000000
    0.000000   -0.000000
    0.000000   -0.000000
    0.000000   -0.000000
    0.000000   -0.000000
    0.000000   -0.000000
    0.000000   -0.000000
    0.000000   -0.000000
    0.000000   -0.000000
    0.000000   -0.000000
    0.000000   -0.000000
    0.000000   -0.000000
    0.000000   -0.000000
    0.000000   -0.000000
    0.000000   -0.000000
    0.000000   -0.000000
    0.000000   -0.000000
    0.000000   -0.000000
    0.000000   -0.000000
    0.000000   -0.000000
    0.000000   -0.000000
    0.000000   -0.000000
    0.000000   -0.000000
    0.000000   -0.000000
    0.000000   -0.000000
    0.000000   -0.000000
    0.000000   -0.000000
    0.000000   -0.000000
    0.000000   -0.000000
    0.000000   -0.000000
    0.000000   -0.000000
    0.000000   -0.000000
    0.000000   -0.000000
    0.000000   -0.000000
    0.000000   -0.000000
    0.000000   -0.000000
    0.000000   -0.000000
    0.000000   -0.000000
    0.000000   -0.000000
    0.000000   -0.000000
    0.000000   -0.000000
    0.000000   -0.000000
    0.000000   -0.000000
    0.000000   -0.000000
    0.000000   -0.000000
    0.000000   -0.000000
    0.000000   -0.000000
    0.000000   -0.000000
    0.000000   -0.000000
    0.000000   -0.000000
    0.000000   -0.000000
    0.000000   -0.000000
    0.000000   -0.000000
    0.000000   -0.000000
    0.000000   -0.000000
    0.000000   -0.000000
    0.000000   -0.000000
    0.000000   -0.000000
    0.000000   -0.000000
    0.000000   -0.000000
    0.000000   -0.000000
    0.000000   -0.000000
    0.000000   -0.000000
    0.000000   -0.000000
    0.000000   -0.000000
    0.000000   -0.000000
    0.000000   -0.000000
    0.000000   -0.000000
    0.000000   -0.000000
    0.000000   -0.000000
    0.000000   -0.000000
    0.000000   -0.000000
    0.000000   -0.000000
    0.000000   -0.000000
    0.000000   -0.000000
    0.000000   -0.000000
    0.000000   -0.000000
    0.000000   -0.000000
    0.000000   -0.000000
    0.000000   -0.000000
    0.000000   -0.000000
    0.000000   -0.000000
    0.000000   -0.000000
    0.000000   -0.000000
    0.000000   -0.000000
    0.000000   -0.000000
    0.000000   -0.000000
    0.000000   -0.000000
    0.000000   -0.000000
    0.000000   -0.000000
    0.000000   -0.000000
    0.000000   -0.000000
    0.000000   -0.000000
    0.000000   -0.000000
    0.000000   -0.000000
    0.000000   -0.000000
    0.000000   -0.000000
    0.000000   -0.000000
    0.000000   -0.000000
    0.000000   -0.000000
    0.000000   -0.000000
    0.000000   -0.000000
    0.000000   -0.000000
    0.000000   -0.000000
    0.000000   -0.000000
    0.000000   -0.000000
    0.000000   -0.000000
    0.000000   -0.000000
    0.000000   -0.000000
    0.000000   -0.000000
    0.000000   -0.000000
    0.000000   -0.000000
    0.000000   -0.000000
    0.000000   -0.000000
    0.000000   -0.000000
    0.000000   -0.000000
    0.000000   -0.000000
    0.000000   -0.000000
    0.000000   -0.000000
    0.000000   -0.000000
    0.000000   -0.000000
    0.000000   -0.000000
    0.000000   -0.000000
    0.000000   -0.000000
    0.000000   -0.000000
    0.000000   -0.000000
    0.000000   -0.000000
    0.000000   -0.000000
    0.000000   -0.000000
    0.000000   -0.000000
    0.000000   -0.000000
    0.000000   -0.000000
    0.000000   -0.000000
    0.000000   -0.000000
    0.000000   -0.000000
    0.000000   -0.000000
    0.000000   -0.000000
    0.000000   -0.000000
    0.000000   -0.000000
    0.000000   -0.000000
    0.000000   -0.000000
    0.000000   -0.000000
    0.000000   -0.000000
    0.000000   -0.000000
    0.000000   -0.000000
    0.000000   -0.000000
    0.000000   -0.000000
    0.000000   -0.000000
    0.000000   -0.000000
    0.000000   -0.000000
    0.000000   -0.000000
    0.000000   -0.000000
    0.000000   -0.000000
    0.000000   -0.000000
    0.000000   -0.000000
    0.000000   -0.000000
    0.000000   -0.000000
    0.000000   -0.000000
    0.000000   -0.000000
    0.000000   -0.000000
    0.000000   -0.000000
    0.000000   -0.000000
    0.000000   -0.000000
    0.000000   -0.000000
    0.000000   -0.000000
    0.000000   -0.000000
    0.000000   -0.000000
    0.000000   -0.000000
    0.000000   -0.000000
    0.000000   -0.000000
    0.000000   -0.000000
    0.000000   -0.000000
    0.000000   -0.000000
    0.000000   -0.000000
    0.000000   -0.000000
    0.000000   -0.000000
    0.000000   -0.000000
    0.000000   -0.000000
    0.000000   -0.000000
    0.000000   -0.000000
    0.000000   -0.000000
    0.000000   -0.000000
    0.000000   -0.000000
    0.000000   -0.000000
    0.000000   -0.000000
    0.000000   -0.000000
    0.000000   -0.000000
    0.000000   -0.000000
    0.000000   -0.000000
    0.000000   -0.000000
    0.000000   -0.000000
    0.000000   -0.000000
    0.000000   -0.000000
    0.000000   -0.000000
    0.000000   -0.000000
    0.000000   -0.000000
    0.000000   -0.000000
    0.000000   -0.000000
    0.000000   -0.000000
    0.000000   -0.000000
    0.000000   -0.000000
    0.000000   -0.000000
    0.000000   -0.000000
    0.000000   -0.000000
    0.000000   -0.000000
    0.000000   -0.000000
    0.000000   -0.000000
    0.000000   -0.000000
    0.000000   -0.000000
    0.000000   -0.000000
    0.000000   -0.000000
    0.000000   -0.000000
    0.000000   -0.000000
    0.000000   -0.000000
    0.000000   -0.000000
    0.000000   -0.000000
    0.000000   -0.000000
    0.000000   -0.000000
    0.000000   -0.000000
    0.000000   -0.000000
    0.000000   -0.000000
    0.000000   -0.000000
    0.000000   -0.000000
    0.000000   -0.000000
    0.000000   -0.000000
    0.000000   -0.000000
    0.000000   -0.000000
    0.000000   -0.000000
    0.000000   -0.000000
    0.000000   -0.000000
    0.000000   -0.000000
    0.000000   -0.000000
    0.000000   -0.000000
    0.000000   -0.000000
    0.000000   -0.000000
    0.000000   -0.000000
    0.000000   -0.000000
    0.000000   -0.000000
    0.000000   -0.000000
    0.000000   -0.000000
    0.000000   -0.000000
    0.000000   -0.000000
    0.000000   -0.000000
    0.000000   -0.000000
    0.000000   -0.000000
    0.000000   -0.000000
    0.000000   -0.000000
    0.000000   -0.000000
    0.000000   -0.000000
    0.000000   -0.000000
    0.000000   -0.000000
    0.000000   -0.000000
    0.000000   -0.000000
    0.000000   -0.000000
    0.000000   -0.000000
    0.000000   -0.000000
    0.000000   -0.000000
    0.000000   -0.000000
    0.000000   -0.000000
    0.000000   -0.000000
    0.000000   -0.000000
    0.000000   -0.000000
    0.000000   -0.000000
   -0.000000   -0.000000
   -0.000000   -0.000000
   -0.000000   -0.000000
   -0.000000   -0.000000
   -0.000000   -0.000000
   -0.000000   -0.000000
   -0.000000   -0.000000
   -0.000000   -0.000000
   -0.000000   -0.000000
   -0.000000   -0.000000
   -0.000000   -0.000000
   -0.000000   -0.000000
   -0.000000   -0.000000
   -0.000000   -0.000000
   -0.000000   -0.000000
   -0.000000   -0.000000
   -0.000000   -0.000000
   -0.000000   -0.000000
   -0.000000   -0.000000
   -0.000000   -0.000000
   -0.000000   -0.000000
   -0.000000   -0.000000
   -0.000000   -0.000000
   -0.000000   -0.000000
   -0.000000   -0.000000
   -0.000000   -0.000000
   -0.000000   -0.000000
   -0.000000   -0.000000
   -0.000000   -0.000000
   -0.000000   -0.000000
   -0.000000   -0.000000
   -0.000000    0.000000
   -0.000000    0.000000
   -0.000000    0.000000
   -0.000000    0.000000
   -0.000000    0.000000
   -0.000000    0.000000
   -0.000000    0.000000
   -0.000000    0.000000
   -0.000000    0.000000
   -0.000000    0.000000
   -0.000000    0.000000
   -0.000000    0.000000
   -0.000000    0.000000
   -0.000000    0.000000
   -0.000000    0.000000
   -0.000000    0.000000
   -0.000000    0.000000
   -0.000000    0.000000
   -0.000000    0.000000
   -0.000000    0.000000
   -0.000000    0.000000
   -0.000000    0.000000
   -0.000000    0.000000
   -0.000000    0.000000
   -0.000000    0.000000
   -0.000000    0.000000
   -0.000000    0.000000
   -0.000000    0.000000
   -0.000000    0.000000
   -0.000000    0.000000
   -0.000000    0.000000
   -0.000000    0.000000
   -0.000000    0.000000
   -0.000000    0.000000
   -0.000000    0.000000
   -0.000000    0.000000
   -0.000000    0.000000
   -0.000000    0.000000
   -0.000000    0.000000
   -0.000000    0.000000
   -0.000000    0.000000
   -0.000000    0.000000
   -0.000000    0.000000
   -0.000000    0.000000
   -0.000000    0.000000
   -0.000000    0.000000
   -0.000000    0.000000
   -0.000000    0.000000
   -0.000000    0.000000
   -0.000000    0.000000
   -0.000000    0.000000
   -0.000000    0.000000
   -0.000000    0.000000
   -0.000000    0.000000
   -0.000000    0.000000
   -0.000000    0.000000
   -0.000000    0.000000
   -0.000000    0.000000
   -0.000000    0.000000
   -0.000000    0.000000
   -0.000000    0.000000
   -0.000000    0.000000
   -0.000000    0.000000
   -0.000000    0.000000
   -0.000000    0.000000
   -0.000000    0.000000
   -0.000000    0.000000
   -0.000000    0.000000
   -0.000000    0.000000
   -0.000000   -0.000000
   -0.000000   -0.000000
   -0.000000   -0.000000
   -0.000000   -0.000000
   -0.000000   -0.000000
   -0.000000   -0.000000
   -0.000000   -0.000000
   -0.000000   -0.000000
   -0.000000   -0.000000
   -0.000000   -0.000000
   -0.000000   -0.000000
   -0.000000   -0.000000
   -0.000000   -0.000000
   -0.000000   -0.000000
   -0.000000   -0.000000
   -0.000000   -0.000000
   -0.000000   -0.000000
   -0.000000   -0.000000
   -0.000000   -0.000000
   -0.000000   -0.000000
   -0.000000   -0.000000
   -0.000000   -0.000000
   -0.000000   -0.000000
   -0.000000   -0.000000
   -0.000000   -0.000000
   -0.000000   -0.000000
   -0.000000   -0.000000
   -0.000000   -0.000000
   -0.000000   -0.000000
   -0.000000   -0.000000
   -0.000000   -0.000000
   -0.000000   -0.000000
   -0.000000   -0.000000
   -0.000000   -0.000000
   -0.000000   -0.000000
   -0.000000   -0.000000
   -0.000000   -0.000000
   -0.000000   -0.000000
   -0.000000   -0.000000
   -0.000000   -0.000000
   -0.000000   -0.000000
   -0.000000   -0.000000
   -0.000000   -0.000000
   -0.000000   -0.000000
   -0.000000   -0.000000
   -0.000000   -0.000000
   -0.000000   -0.000000
   -0.000000   -0.000000
   -0.000000   -0.000000
   -0.000000   -0.000000
   -0.000000   -0.000000
   -0.000000   -0.000000
   -0.000000   -0.000000
   -0.000000   -0.000000
   -0.000000   -0.000000
   -0.000000   -0.000000
   -0.000000   -0.000000
   -0.000000   -0.000000
   -0.000000   -0.000000
   -0.000000   -0.000000
    0.000000   -0.000000
    0.000000   -0.000000
    0.000000   -0.000000
    0.000000   -0.000000
    0.000000   -0.000000
    0.000000   -0.000000
    0.000000   -0.000000
    0.000000   -0.000000
    0.000000   -0.000000
    0.000000   -0.000000
    0.000000   -0.000000
    0.000000   -0.000000
    0.000000   -0.000000
    0.000000   -0.000000
    0.000000   -0.000000
    0.000000   -0.000000
    0.000000   -0.000000
    0.000000   -0.000000
    0.000000   -0.000000
    0.000000   -0.000000
    0.000000   -0.000000
    0.000000   -0.000000
    0.000000   -0.000000
    0.000000   -0.000000
    0.000000   -0.000000
    0.000000   -0.000000
    0.000000   -0.000000
    0.000000   -0.000000
    0.000000   -0.000000
    0.000000   -0.000000
    0.000000   -0.000000
    0.000000   -0.000000
    0.000000   -0.000000
    0.000000   -0.000000
    0.000000   -0.000000
    0.000000   -0.000000
    0.000000   -0.000000
    0.000000   -0.000000
    0.000000   -0.000000
    0.000000   -0.000000
    0.000000   -0.000000
    0.000000   -0.000000
    0.000000   -0.000000
    0.000000   -0.000000
    0.000000   -0.000000
    0.000000   -0.000000
    0.000000   -0.000000
    0.000000   -0.000000
    0.000000   -0.000000
    0.000000   -0.000000
    0.000000   -0.000000
    0.000000   -0.000000
    0.000000   -0.000000
    0.000000   -0.000000
    0.000000   -0.000000
    0.000000   -0.000000
    0.000000   -0.000000
    0.000000   -0.000000
    0.000000   -0.000000
    0.000000   -0.000000
    0.000000   -0.000000
    0.000000   -0.000000
    0.000000   -0.000000
    0.000000   -0.000000
    0.000000   -0.000000
    0.000000   -0.000000
    0.000000   -0.000000
    0.000000   -0.000000
    0.000000   -0.000000
    0.000000   -0.000000
    0.000000   -0.000000
    0.000000   -0.000000
    0.000000   -0.000000
    0.000000   -0.000000
    0.000000   -0.000000
    0.000000   -0.000000
    0.000000   -0.000000
    0.000000   -0.000000
    0.000000   -0.000000
    0.000000   -0.000000
    0.000000   -0.000000
    0.000000   -0.000000
    0.000000   -0.000000
    0.000000   -0.000000
    0.000000   -0.000000
    0.000000   -0.000000
    0.000000   -0.000000
    0.000000   -0.000000
    0.000000   -0.000000
    0.000000   -0.000000
    0.000000   -0.000000
    0.000000   -0.000000
    0.000000   -0.000000
    0.000000   -0.000000
    0.000000   -0.000000
    0.000000   -0.000000
    0.000000   -0.000000
    0.000000   -0.000000
    0.000000   -0.000000
    0.000000   -0.000000
    0.000000   -0.000000
    0.000000   -0.000000
    0.000000   -0.000000
    0.000000   -0.000000
    0.000000   -0.000000
    0.000000   -0.000000
    0.000000   -0.000000
    0.000000   -0.000000
    0.000000   -0.000000
    0.000000   -0.000000
    0.000000   -0.000000
    0.000000   -0.000000
    0.000000   -0.000000
    0.000000   -0.000000
    0.000000   -0.000000
    0.000000   -0.000000
    0.000000   -0.000000
    0.000000   -0.000000
    0.000000   -0.000000
    0.000000   -0.000000
    0.000000   -0.000000
    0.000000   -0.000000
    0.000000   -0.000000
    0.000000   -0.000000
    0.000000   -0.000000
    0.000000   -0.000000
    0.000000   -0.000000
    0.000000   -0.000000
    0.000000   -0.000000
    0.000000   -0.000000
    0.000000   -0.000000
    0.000000   -0.000000
    0.000000   -0.000000
    0.000000   -0.000000
    0.000000   -0.000000
    0.000000   -0.000000
    0.000000   -0.000000
    0.000000   -0.000000
    0.000000   -0.000000
    0.000000   -0.000000
    0.000000   -0.000000
    0.000000   -0.000000
    0.000000   -0.000000
    0.000000   -0.000000
    0.000000   -0.000000
    0.000000   -0.000000
    0.000000   -0.000000
    0.000000   -0.000000
    0.000000   -0.000000
    0.000000   -0.000000
    0.000000   -0.000000
    0.000000   -0.000000
    0.000000   -0.000000
    0.000000   -0.000000
    0.000000   -0.000000
    0.000000   -0.000000
    0.000000   -0.000000
    0.000000   -0.000000
    0.000000   -0.000000
    0.000000   -0.000000
    0.000000   -0.000000
    0.000000   -0.000000
    0.000000   -0.000000
    0.000000   -0.000000
    0.000000   -0.000000
    0.000000   -0.000000
    0.000000   -0.000000
    0.000000   -0.000000
    0.000000   -0.000000
    0.000000   -0.000000
    0.000000   -0.000000
    0.000000   -0.000000
    0.000000   -0.000000
    0.000000   -0.000000
    0.000000   -0.000000
    0.000000   -0.000000
    0.000000   -0.000000
    0.000000   -0.000000
    0.000000   -0.000000
    0.000000   -0.000000
    0.000000   -0.000000
    0.000000   -0.000000
    0.000000   -0.000000
    0.000000   -0.000000
    0.000000   -0.000000
    0.000000   -0.000000
    0.000000   -0.000000
    0.000000   -0.000000
    0.000000   -0.000000
    0.000000   -0.000000
    0.000000   -0.000000
    0.000000   -0.000000
    0.000000   -0.000000
    0.000000   -0.000000
    0.000000   -0.000000
    0.000000   -0.000000
    0.000000   -0.000000
    0.000000   -0.000000
    0.000000   -0.000000
    0.000000   -0.000000
    0.000000   -0.000000
    0.000000   -0.000000
    0.000000   -0.000000
    0.000000   -0.000000
    0.000000   -0.000000
    0.000000   -0.000000
    0.000000   -0.000000
    0.000000   -0.000000
    0.000000   -0.000000
    0.000000   -0.000000
    0.000000   -0.000000
    0.000000   -0.000000
    0.000000   -0.000000
    0.000000   -0.000000
    0.000000   -0.000000
    0.000000   -0.000000
    0.000000   -0.000000
    0.000000   -0.000000
    0.000000   -0.000000
    0.000000   -0.000000
    0.000000   -0.000000
    0.000000   -0.000000
    0.000000   -0.000000
    0.000000   -0.000000
    0.000000   -0.000000
    0.000000   -0.000000
    0.000000   -0.000000
    0.000000   -0.000000
    0.000000   -0.000000
    0.000000   -0.000000
    0.000000   -0.000000
    0.000000   -0.000000
    0.000000   -0.000000
    0.000000   -0.000000
    0.000000   -0.000000
    0.000000   -0.000000
    0.000000   -0.000000
    0.000000   -0.000000
    0.000000   -0.000000
    0.000000   -0.000000
    0.000000   -0.000000
    0.000000   -0.000000
    0.000000   -0.000000
    0.000000   -0.000000
    0.000000   -0.000000
    0.000000   -0.000000
    0.000000   -0.000000
    0.000000   -0.000000
    0.000000   -0.000000
    0.000000   -0.000000
    0.000000   -0.000000
    0.000000   -0.000000
    0.000000   -0.000000
    0.000000   -0.000000
    0.000000   -0.000000
    0.000000   -0.000000
    0.000000   -0.000000
    0.000000   -0.000000
    0.000000   -0.000000
    0.000000   -0.000000
    0.000000   -0.000000
    0.000000   -0.000000
    0.000000   -0.000000
    0.000000   -0.000000
    0.000000   -0.000000
    0.000000   -0.000000
    0.000000   -0.000000
    0.000000   -0.000000
    0.000000   -0.000000
    0.000000   -0.000000
    0.000000   -0.000000
    0.000000   -0.000000
    0.000000   -0.000000
    0.000000   -0.000000
    0.000000   -0.000000
    0.000000   -0.000001
    0.000000   -0.000001
    0.000000   -0.000001
    0.000000   -0.000001
    0.000000   -0.000001
    0.000000   -0.000001
    0.000000   -0.000001
    0.000000   -0.000001
    0.000000   -0.000001
    0.000000   -0.000001
    0.000000   -0.000001
    0.000000   -0.000001
    0.000000   -0.000001
    0.000000   -0.000001
    0.000000   -0.000002
    0.000000   -0.000002
    0.000000   -0.000002
    0.000000   -0.000002
    0.000000   -0.000002
    0.000000   -0.000002
    0.000000   -0.000002
    0.000000   -0.000003
    0.000000   -0.000003
    0.000000   -0.000003
    0.000000   -0.000003
    0.000000   -0.000004
    0.000000   -0.000004
    0.000000   -0.000004
    0.000000   -0.000004
    0.000000   -0.000005
    0.000000   -0.000005
    0.000000   -0.000005
    0.000000   -0.000006
    0.000000   -0.000006
    0.000000   -0.000007
    0.000000   -0.000007
    0.000000   -0.000008
    0.000000   -0.000008
    0.000000   -0.000009
    0.000000   -0.000010
    0.000000   -0.000010
    0.000000   -0.000011
    0.000000   -0.000012
    0.000000   -0.000013
    0.000000   -0.000014
    0.000000   -0.000015
    0.000000   -0.000016
    0.000000   -0.000017
    0.000000   -0.000018
    0.000000   -0.000019
    0.000000   -0.000021
    0.000000   -0.000022
    0.000000   -0.000024
    0.000000   -0.000025
    0.000000   -0.000027
    0.000000   -0.000029
    0.000000   -0.000031
    0.000000   -0.000033
    0.000000   -0.000036
    0.000000   -0.000038
    0.000000   -0.000041
    0.000000   -0.000043
    0.000000   -0.000046
    0.000000   -0.000049
    0.000000   -0.000053
    0.000000   -0.000056
    0.000000   -0.000060
    0.000000   -0.000064
    0.000000   -0.000068
    0.000000   -0.000073
    0.000000   -0.000078
    0.000000   -0.000083
    0.000000   -0.000088
    0.000000   -0.000094
    0.000000   -0.000100
    0.000000   -0.000107
    0.000000   -0.000114
    0.000000   -0.000121
    0.000000   -0.000129
    0.000000   -0.000138
    0.000000   -0.000146
    0.000000   -0.000156
    0.000000   -0.000166
    0.000000   -0.000176
    0.000000   -0.000187
    0.000000   -0.000199
    0.000000   -0.000212
    0.000000   -0.000225
    0.000000   -0.000239
    0.000000   -0.000254
    0.000000   -0.000270
    0.000000   -0.000287
    0.000000   -0.000304
    0.000000   -0.000323
    0.000000   -0.000343
    0.000000   -0.000364
    0.000000   -0.000386
    0.000000   -0.000409
    0.000000   -0.000434
    0.000000   -0.000460
    0.000000   -0.000488
    0.000000   -0.000517
    0.000000   -0.000547
    0.000000   -0.000580
    0.000000   -0.000614
    0.000000   -0.000650
    0.000000   -0.000689
    0.000000   -0.000729
    0.000000   -0.000771
    0.000000   -0.000816
    0.000000   -0.000863
    0.000000   -0.000913
    0.000000   -0.000966
    0.000001   -0.001021
    0.000001   -0.001079
    0.000001   -0.001140
    0.000001   -0.001205
    0.000001   -0.001273
    0.000001   -0.001344
    0.000001   -0.001419
    0.000001   -0.001498
    0.000001   -0.001581
    0.000001   -0.001669
    0.000001   -0.001761
    0.000001   -0.001857
    0.000001   -0.001959
    0.000001   -0.002065
    0.000001   -0.002177
    0.000001   -0.002295
    0.000001   -0.002418
    0.000001   -0.002548
    0.000001   -0.002683
    0.000001   -0.002826
    0.000001   -0.002976
    0.000001   -0.003132
    0.000001   -0.003297
    0.000002   -0.003469
    0.000002   -0.003650
    0.000002   -0.003839
    0.000002   -0.004037
    0.000002   -0.004245
    0.000002   -0.004462
    0.000002   -0.004689
    0.000002   -0.004927
    0.000002   -0.005176
    0.000002   -0.005437
    0.000002   -0.005709
    0.000002   -0.005994
    0.000003   -0.006292
    0.000003   -0.006603
    0.000003   -0.006929
    0.000003   -0.007268
    0.000003   -0.007623
    0.000003   -0.007994
    0.000003   -0.008381
    0.000003   -0.008784
    0.000003   -0.009205
    0.000004   -0.009645
    0.000004   -0.010103
    0.000004   -0.010581
    0.000004   -0.011079
    0.000004   -0.011598
    0.000004   -0.012139
    0.000004   -0.012703
    0.000005   -0.013290
    0.000005   -0.013901
    0.000005   -0.014538
    0.000005   -0.015200
    0.000005   -0.015889
    0.000005   -0.016606
    0.000006   -0.017351
    0.000006   -0.018127
    0.000006   -0.018932
    0.000006   -0.019770
    0.000006   -0.020640
    0.000007   -0.021544
    0.000007   -0.022483
    0.000007   -0.023458
    0.000007   -0.024470
    0.000007   -0.025520
    0.000008   -0.026610
    0.000008   -0.027740
    0.000008   -0.028912
    0.000008   -0.030127
    0.000008   -0.031387
    0.000009   -0.032692
    0.000009   -0.034044
    0.000009   -0.035445
    0.000009   -0.036895
    0.000009   -0.038396
    0.000010   -0.039950
    0.000010   -0.041558
    0.000010   -0.043221
    0.000010   -0.044942
    0.000011   -0.046720
    0.000011   -0.048559
    0.000011   -0.050458
    0.000011   -0.052421
    0.000011   -0.054449
    0.000011   -0.056542
    0.000012   -0.058703
    0.000012   -0.060933
    0.000012   -0.063235
    0.000012   -0.065609
    0.000012   -0.068057
    0.000012   -0.070581
    0.000013   -0.073182
    0.000013   -0.075862
    0.000013   -0.078624
    0.000013   -0.081468
    0.000013   -0.084396
    0.000013   -0.087409
    0.000013   -0.090511
    0.000013   -0.093701
    0.000013   -0.096982
    0.000013   -0.100356
    0.000013   -0.103823
    0.000013   -0.107387
    0.000013   -0.111047
    0.000013   -0.114807
    0.000013   -0.118666
    0.000013   -0.122628
    0.000013   -0.126694
    0.000012   -0.130864
    0.000012   -0.135140
    0.000012   -0.139525
    0.000012   -0.144019
    0.000011   -0.148623
    0.000011   -0.153339
    0.000011   -0.158168
    0.000010   -0.163112
    0.000010   -0.168170
    0.000009   -0.173346
    0.000009   -0.178639
    0.000008   -0.184050
    0.000008   -0.189581
    0.000007   -0.195232
    0.000007   -0.201004
    0.000006   -0.206898
    0.000005   -0.212914
    0.000004   -0.219052
    0.000004   -0.225314
    0.000003   -0.231699
    0.000002   -0.238208
    0.000001   -0.244841
    0.000000   -0.251597
   -0.000001   -0.258477
   -0.000002   -0.265480
   -0.000003   -0.272606
   -0.000004   -0.279855
   -0.000005   -0.287226
   -0.000006   -0.294718
   -0.000007   -0.302330
   -0.000009   -0.310062
   -0.000010   -0.317912
   -0.000011   -0.325878
   -0.000013   -0.333961
   -0.000014   -0.342156
   -0.000015   -0.350464
   -0.000017   -0.358882
   -0.000018   -0.367408
   -0.000019   -0.376040
   -0.000021   -0.384774
   -0.000022   -0.393609
   -0.000023   -0.402542
   -0.000025   -0.411569
   -0.000026   -0.420688
   -0.000027   -0.429895
   -0.000029   -0.439186
   -0.000030   -0.448558
   -0.000031   -0.458007
   -0.000032   -0.467527
   -0.000033   -0.477116
   -0.000034   -0.486768
   -0.000035   -0.496479
   -0.000036   -0.506243
   -0.000037   -0.516055
   -0.000038   -0.525909
   -0.000038   -0.535801
   -0.000038   -0.545724
   -0.000039   -0.555671
   -0.000039   -0.565637
   -0.000038   -0.575615
   -0.000038   -0.585598
   -0.000038   -0.595579
   -0.000037   -0.605550
   -0.000036   -0.615505
   -0.000034   -0.625436
   -0.000033   -0.635334
   -0.000031   -0.645192
   -0.000029   -0.655001
   -0.000026   -0.664753
   -0.000023   -0.674439
   -0.000020   -0.684050
   -0.000016   -0.693577
   -0.000012   -0.703010
   -0.000007   -0.712340
   -0.000002   -0.721557
    0.000004   -0.730652
    0.000010   -0.739614
    0.000017   -0.748433
    0.000024   -0.757098
    0.000032   -0.765600
    0.000041   -0.773927
    0.000050   -0.782068
    0.000061   -0.790013
    0.000072   -0.797749
    0.000084   -0.805267
    0.000096   -0.812555
    0.000110   -0.819600
    0.000125   -0.826393
    0.000140   -0.832920
    0.000157   -0.839170
    0.000175   -0.845132
    0.000194   -0.850794
    0.000214   -0.856143
    0.000235   -0.861169
    0.000257   -0.865858
    0.000281   -0.870199
    0.000306   -0.874181
    0.000333   -0.877791
    0.000361   -0.881018
    0.000391   -0.883849
    0.000422   -0.886274
    0.000455   -0.888280
    0.000490   -0.889856
    0.000526   -0.890990
    0.000564   -0.891672
    0.000604   -0.891889
    0.000646   -0.891632
    0.000690   -0.890888
    0.000737   -0.889648
    0.000785   -0.887902
    0.000835   -0.885638
    0.000888   -0.882846
    0.000943   -0.879518
    0.001001   -0.875644
    0.001061   -0.871214
    0.001123   -0.866219
    0.001189   -0.860651
    0.001256   -0.854502
    0.001327   -0.847763
    0.001401   -0.840427
    0.001477   -0.832488
    0.001557   -0.823937
    0.001639   -0.814770
    0.001725   -0.804979
    0.001814   -0.794559
    0.001906   -0.783505
    0.002002   -0.771813
    0.002101   -0.759479
    0.002203   -0.746498
    0.002310   -0.732868
    0.002420   -0.718586
    0.002533   -0.703650
    0.002651   -0.688059
    0.002773   -0.671811
    0.002898   -0.654907
    0.003028   -0.637346
    0.003162   -0.619129
    0.003300   -0.600258
    0.003443   -0.580735
    0.003589   -0.560561
    0.003741   -0.539742
    0.003897   -0.518279
    0.004058   -0.496179
    0.004223   -0.473446
    0.004393   -0.450086
    0.004568   -0.426105
    0.004748   -0.401511
    0.004934   -0.376311
    0.005124   -0.350514
    0.005319   -0.324129
    0.005520   -0.297166
    0.005726   -0.269636
    0.005937   -0.241549
    0.006154   -0.212918
    0.006377   -0.183754
    0.006605   -0.154072
    0.006838   -0.123884
    0.007078   -0.093206
    0.007323   -0.062052
    0.007574   -0.030438
    0.007831    0.001619
    0.008093    0.034102
    0.008362    0.066995
    0.008637    0.100278
    0.008918    0.133932
    0.009205    0.167940
    0.009499    0.202279
    0.009798    0.236931
    0.010104    0.271874
    0.010416    0.307087
    0.010734    0.342547
    0.011059    0.378232
    0.011390    0.414118
    0.011728    0.450184
    0.012071    0.486404
    0.012422    0.522755
    0.012778    0.559212
    0.013141    0.595749
    0.013511    0.632342
    0.013887    0.668965
    0.014269    0.705592
    0.014658    0.742197
    0.015053    0.778753
    0.015455    0.815233
    0.015863    0.851612
    0.016277    0.887861
    0.016697    0.923954
    0.017124    0.959864
    0.017557    0.995563
    0.017996    1.031024
    0.018440    1.066219
    0.018891    1.101122
    0.019348    1.135704
    0.019811    1.169939
    0.020279    1.203799
    0.020753    1.237257
    0.021233    1.270288
    0.021718    1.302863
    0.022209    1.334956
    0.022704    1.366542
    0.023205    1.397594
    0.023711    1.428087
    0.024221    1.457995
    0.024736    1.487293
    0.025256    1.515958
    0.025780    1.543965
    0.026308    1.571290
    0.026840    1.597910
    0.027375    1.623802
    0.027915    1.648945
    0.028457    1.673317
    0.029003    1.696897
    0.029552    1.719664
    0.030103    1.741600
    0.030657    1.762684
    0.031213    1.782898
    0.031770    1.802226
    0.032329    1.820649
    0.032890    1.838152
    0.033452    1.854720
    0.034014    1.870337
    0.034576    1.884990
    0.035139    1.898667
    0.035701    1.911354
    0.036263    1.923040
    0.036823    1.933716
    0.037382    1.943372
    0.037939    1.951998
    0.038494    1.959588
    0.039047    1.966134
    0.039596    1.971631
    0.040142    1.976073
    0.040683    1.979457
    0.041221    1.981779
    0.041753    1.983038
    0.042280    1.983232
    0.042802    1.982361
    0.043317    1.980426
    0.043825    1.977429
    0.044325    1.973371
    0.044818    1.968257
    0.045302    1.962091
    0.045778    1.954879
    0.046243    1.946627
    0.046699    1.937342
    0.047143    1.927033
    0.047577    1.915709
    0.047998    1.903379
    0.048407    1.890055
    0.048802    1.875749
    0.049184    1.860472
    0.049551    1.844239
    0.049903    1.827065
    0.050239    1.808963
    0.050558    1.789950
    0.050861    1.770042
    0.051145    1.749258
    0.051411    1.727614
    0.051658    1.705131
    0.051885    1.681826
    0.052091    1.657722
    0.052275    1.632838
    0.052438    1.607196
    0.052577    1.580817
    0.052693    1.553725
    0.052785    1.525943
    0.052852    1.497494
    0.052893    1.468402
    0.052907    1.438691
    0.052895    1.408387
    0.052854    1.377516
    0.052785    1.346102
    0.052686    1.314171
    0.052557    1.281751
    0.052397    1.248867
    0.052205    1.215547
    0.051981    1.181818
    0.051724    1.147706
    0.051434    1.113239
    0.051109    1.078445
    0.050748    1.043351
    0.050352    1.007986
    0.049920    0.972375
    0.049450    0.936548
    0.048943    0.900533
    0.048397    0.864355
    0.047812    0.828044
    0.047187    0.791626
    0.046522    0.755129
    0.045817    0.718580
    0.045069    0.682005
    0.044280    0.645432
    0.043449    0.608886
    0.042574    0.572395
    0.041656    0.535983
    0.040694    0.499676
    0.039688    0.463500
    0.038636    0.427479
    0.037540    0.391637
    0.036398    0.355999
    0.035210    0.320587
    0.033976    0.285426
    0.032695    0.250537
    0.031367    0.215943
    0.029993    0.181666
    0.028571    0.147725
    0.027102    0.114142
    0.025585    0.080937
    0.024020    0.048129
    0.022408    0.015736
    0.020747   -0.016222
    0.019039   -0.047730
    0.017283   -0.078769
    0.015480   -0.109323
    0.013628   -0.139377
    0.011729   -0.168916
    0.009783   -0.197926
    0.007789   -0.226392
    0.005749   -0.254302
    0.003662   -0.281644
    0.001528   -0.308406
   -0.000652   -0.334577
   -0.002877   -0.360147
   -0.005148   -0.385105
   -0.007463   -0.409445
   -0.009823   -0.433156
   -0.012227   -0.456232
   -0.014673   -0.478665
   -0.017162   -0.500450
   -0.019693   -0.521582
   -0.022266   -0.542054
   -0.024878   -0.561863
   -0.027531   -0.581005
   -0.030222   -0.599479
   -0.032951   -0.617280
   -0.035717   -0.634408
   -0.038520   -0.650861
   -0.041358   -0.666640
   -0.044230   -0.681744
   -0.047135   -0.696174
   -0.050072   -0.709932
   -0.053040   -0.723019
   -0.056039   -0.735437
   -0.059065   -0.747191
   -0.062120   -0.758283
   -0.065200   -0.768718
   -0.068306   -0.778499
   -0.071435   -0.787633
   -0.074587   -0.796124
   -0.077759   -0.803978
   -0.080951   -0.811202
   -0.084161   -0.817803
   -0.087388   -0.823787
   -0.090630   -0.829163
   -0.093886   -0.833938
   -0.097155   -0.838121
   -0.100433   -0.841721
   -0.103721   -0.844745
   -0.107017   -0.847204
   -0.110318   -0.849108
   -0.113624   -0.850466
   -0.116933   -0.851287
   -0.120242   -0.851584
   -0.123551   -0.851366
   -0.126858   -0.850644
   -0.130160   -0.849428
   -0.133457   -0.847731
   -0.136747   -0.845564
   -0.140028   -0.842938
   -0.143298   -0.839864
   -0.146555   -0.836355
   -0.149799   -0.832423
   -0.153026   -0.828078
   -0.156236   -0.823334
   -0.159426   -0.818202
   -0.162595   -0.812695
   -0.165742   -0.806825
   -0.168864   -0.800603
   -0.171959   -0.794042
   -0.175027   -0.787154
   -0.178066   -0.779952
   -0.181073   -0.772447
   -0.184047   -0.764652
   -0.186986   -0.756578
   -0.189889   -0.748238
   -0.192754   -0.739644
   -0.195580   -0.730806
   -0.198365   -0.721738
   -0.201107   -0.712450
   -0.203805   -0.702954
   -0.206457   -0.693262
   -0.209062   -0.683385
   -0.211617   -0.673334
   -0.214123   -0.663120
   -0.216577   -0.652753
   -0.218977   -0.642245
   -0.221323   -0.631606
   -0.223613   -0.620847
   -0.225846   -0.609977
   -0.228019   -0.599007
   -0.230133   -0.587947
   -0.232186   -0.576806
   -0.234175   -0.565593
   -0.236101   -0.554319
   -0.237962   -0.542992
   -0.239756   -0.531621
   -0.241484   -0.520216
   -0.243142   -0.508783
   -0.244731   -0.497333
   -0.246249   -0.485872
   -0.247695   -0.474410
   -0.249069   -0.462953
   -0.250369   -0.451509
   -0.251594   -0.440086
   -0.252743   -0.428691
   -0.253816   -0.417331
   -0.254811   -0.406012
   -0.255728   -0.394741
   -0.256565   -0.383525
   -0.257323   -0.372370
   -0.257999   -0.361281
   -0.258595   -0.350265
   -0.259108   -0.339326
   -0.259538   -0.328472
   -0.259884   -0.317706
   -0.260146   -0.307034
   -0.260323   -0.296461
   -0.260415   -0.285992
   -0.260421   -0.275630
   -0.260339   -0.265381
   -0.260171   -0.255249
   -0.259915   -0.245237
   -0.259570   -0.235351
   -0.259137   -0.225592
   -0.258615   -0.215966
   -0.258003   -0.206475
   -0.257301   -0.197123
   -0.256508   -0.187913
   -0.255625   -0.178847
   -0.254650   -0.169930
   -0.253584   -0.161163
   -0.252426   -0.152550
   -0.251176   -0.144092
   -0.249834   -0.135792
   -0.248398   -0.127653
   -0.246870   -0.119676
   -0.245248   -0.111863
   -0.243533   -0.104218
   -0.241723   -0.096740
   -0.239820   -0.089432
   -0.237823   -0.082296
   -0.235731   -0.075333
   -0.233545   -0.068545
   -0.231265   -0.061932
   -0.228889   -0.055496
   -0.226418   -0.049238
   -0.223853   -0.043160
   -0.221192   -0.037262
   -0.218436   -0.031545
   -0.215585   -0.026010
   -0.212639   -0.020657
   -0.209597   -0.015487
   -0.206460   -0.010502
   -0.203228   -0.005700
   -0.199900   -0.001083
   -0.196478    0.003348
   -0.192960    0.007595
   -0.189347    0.011656
   -0.185639    0.015531
   -0.181836    0.019221
   -0.177939    0.022725
   -0.173947    0.026043
   -0.169861    0.029176
   -0.165680    0.032123
   -0.161406    0.034886
   -0.157039    0.037464
   -0.152578    0.039857
   -0.148025    0.042067
   -0.143379    0.044094
   -0.138641    0.045937
   -0.133811    0.047599
   -0.128890    0.049079
   -0.123879    0.050379
   -0.118778    0.051500
   -0.113587    0.052441
   -0.108307    0.053205
   -0.102939    0.053792
   -0.097484    0.054203
   -0.091942    0.054441
   -0.086315    0.054505
   -0.080602    0.054397
   -0.074806    0.054119
   -0.068926    0.053672
   -0.062964    0.053057
   -0.056921    0.052277
   -0.050799    0.051333
   -0.044597    0.050227
   -0.038318    0.048960
   -0.031963    0.047534
   -0.025533    0.045952
   -0.019030    0.044215
   -0.012455    0.042325
   -0.005809    0.040285
    0.000905    0.038098
    0.007687    0.035764
    0.014534    0.033287
    0.021445    0.030669
    0.028417    0.027913
    0.035449    0.025021
    0.042539    0.021997
    0.049685    0.018841
    0.056885    0.015559
    0.064136    0.012152
    0.071436    0.008623
    0.078783    0.004976
    0.086174    0.001214
    0.093607   -0.002661
    0.101080   -0.006645
    0.108590   -0.010734
    0.116133   -0.014926
    0.123708   -0.019216
    0.131312   -0.023602
    0.138941   -0.028080
    0.146592   -0.032645
    0.154264   -0.037296
    0.161952   -0.042027
    0.169654   -0.046835
    0.177365   -0.051717
    0.185084   -0.056668
    0.192807   -0.061684
    0.200529   -0.066762
    0.208249   -0.071897
    0.215962   -0.077086
    0.223665   -0.082324
    0.231354   -0.087607
    0.239026   -0.092931
    0.246677   -0.098292
    0.254303   -0.103686
    0.261901   -0.109108
    0.269466   -0.114555
    0.276996   -0.120022
    0.284485   -0.125504
    0.291931   -0.130998
    0.299328   -0.136499
    0.306675   -0.142003
    0.313965   -0.147505
    0.321196   -0.153002
    0.328363   -0.158489
    0.335463   -0.163962
    0.342492   -0.169416
    0.349445   -0.174848
    0.356318   -0.180252
    0.363108   -0.185626
    0.369810   -0.190964
    0.376421   -0.196263
    0.382936   -0.201518
    0.389352   -0.206726
    0.395665   -0.211882
    0.401871   -0.216983
    0.407966   -0.222024
    0.413946   -0.227001
    0.419807   -0.231912
    0.425546   -0.236752
    0.431159   -0.241517
    0.436642   -0.246204
    0.441992   -0.250809
    0.447206   -0.255328
    0.452279   -0.259759
    0.457208   -0.264098
    0.461990   -0.268341
    0.466623   -0.272486
    0.471101   -0.276529
    0.475423   -0.280467
    0.479586   -0.284298
    0.483585   -0.288018
    0.487420   -0.291625
    0.491086   -0.295116
    0.494581   -0.298489
    0.497903   -0.301740
    0.501049   -0.304868
    0.504016   -0.307871
    0.506803   -0.310746
    0.509407   -0.313491
    0.511826   -0.316105
    0.514059   -0.318585
    0.516102   -0.320929
    0.517956   -0.323137
    0.519617   -0.325206
    0.521085   -0.327136
    0.522359   -0.328924
    0.523436   -0.330570
    0.524316   -0.332072
    0.524998   -0.333430
    0.525481   -0.334643
    0.525764   -0.335709
    0.525847   -0.336629
    0.525728   -0.337402
    0.525409   -0.338027
    0.524889   -0.338504
    0.524166   -0.338833
    0.523243   -0.339014
    0.522118   -0.339046
    0.520792   -0.338931
    0.519265   -0.338667
    0.517539   -0.338255
    0.515613   -0.337697
    0.513488   -0.336991
    0.511166   -0.336139
    0.508647   -0.335142
    0.505932   -0.334000
    0.503024   -0.332714
    0.499923   -0.331284
    0.496631   -0.329713
    0.493149   -0.328002
    0.489479   -0.326150
    0.485623   -0.324160
    0.481584   -0.322033
    0.477363   -0.319771
    0.472962   -0.317374
    0.468384   -0.314845
    0.463631   -0.312185
    0.458705   -0.309395
    0.453610   -0.306478
    0.448348   -0.303436
    0.442921   -0.300269
    0.437333   -0.296980
    0.431587   -0.293572
    0.425685   -0.290045
    0.419631   -0.286403
    0.413428   -0.282646
    0.407079   -0.278778
    0.400588   -0.274800
    0.393957   -0.270715
    0.387192   -0.266524
    0.380294   -0.262231
    0.373268   -0.257837
    0.366117   -0.253344
    0.358845   -0.248756
    0.351456   -0.244074
    0.343953   -0.239300
    0.336341   -0.234437
    0.328623   -0.229488
    0.320803   -0.224455
    0.312885   -0.219340
    0.304874   -0.214145
    0.296772   -0.208874
    0.288585   -0.203527
    0.280316   -0.198109
    0.271969   -0.192621
    0.263549   -0.187066
    0.255059   -0.181446
    0.246503   -0.175763
    0.237886   -0.170021
    0.229212   -0.164220
    0.220485   -0.158365
    0.211709   -0.152456
    0.202889   -0.146497
    0.194027   -0.140490
    0.185129   -0.134437
    0.176198   -0.128341
    0.167238   -0.122204
    0.158255   -0.116028
    0.149251   -0.109815
    0.140230   -0.103569
    0.131197   -0.097291
    0.122156   -0.090983
    0.113111   -0.084648
    0.104065   -0.078288
    0.095022   -0.071905
    0.085987   -0.065502
    0.076963   -0.059081
    0.067954   -0.052644
    0.058963   -0.046193
    0.049996   -0.039731
    0.041054   -0.033260
    0.032143   -0.026782
    0.023265   -0.020298
    0.014424   -0.013813
    0.005624   -0.007327
   -0.003132   -0.000842
   -0.011841    0.005638
   -0.020498    0.012111
   -0.029100    0.018576
   -0.037644    0.025031
   -0.046128    0.031472
   -0.054547    0.037898
   -0.062898    0.044306
   -0.071178    0.050695
   -0.079384    0.057061
   -0.087513    0.063403
   -0.095562    0.069719
   -0.103528    0.076005
   -0.111408    0.082260
   -0.119199    0.088481
   -0.126898    0.094666
   -0.134502    0.100812
   -0.142010    0.106918
   -0.149417    0.112980
   -0.156721    0.118996
   -0.163921    0.124964
   -0.171012    0.130881
   -0.177994    0.136744
   -0.184863    0.142552
   -0.191616    0.148301
   -0.198252    0.153989
   -0.204769    0.159612
   -0.211164    0.165170
   -0.217435    0.170658
   -0.223579    0.176074
   -0.229596    0.181415
   -0.235482    0.186679
   -0.241236    0.191862
   -0.246856    0.196962
   -0.252341    0.201976
   -0.257688    0.206901
   -0.262896    0.211734
   -0.267962    0.216473
   -0.272887    0.221113
   -0.277667    0.225653
   -0.282302    0.230089
   -0.286791    0.234418
   -0.291131    0.238637
   -0.295322    0.242743
   -0.299363    0.246733
   -0.303252    0.250604
   -0.306988    0.254352
   -0.310571    0.257976
   -0.314000    0.261471
   -0.317273    0.264834
   -0.320390    0.268062
   -0.323351    0.271153
   -0.326155    0.274103
   -0.328801    0.276909
   -0.331289    0.279568
   -0.333618    0.282077
   -0.335789    0.284432
   -0.337801    0.286632
   -0.339655    0.288672
   -0.341349    0.290550
   -0.342885    0.292263
   -0.344263    0.293808
   -0.345482    0.295182
   -0.346543    0.296383
   -0.347447    0.297407
   -0.348194    0.298252
   -0.348786    0.298916
   -0.349221    0.299395
   -0.349503    0.299688
   -0.349631    0.299792
   -0.349606    0.299704
   -0.349431    0.299422
   -0.349105    0.298945
   -0.348631    0.298270
   -0.348010    0.297395
   -0.347243    0.296318
   -0.346333    0.295038
   -0.345280    0.293552
   -0.344087    0.291860
   -0.342757    0.289960
   -0.341290    0.287850
   -0.339689    0.285530
   -0.337957    0.282999
   -0.336096    0.280255
   -0.334109    0.277298
   -0.331997    0.274127
   -0.329765    0.270743
   -0.327414    0.267144
   -0.324948    0.263331
   -0.322369    0.259304
   -0.319681    0.255063
   -0.316887    0.250608
   -0.313991    0.245941
   -0.310995    0.241061
   -0.307903    0.235970
   -0.304719    0.230670
   -0.301447    0.225161
   -0.298090    0.219444
   -0.294652    0.213523
   -0.291138    0.207399
   -0.287550    0.201073
   -0.283894    0.194549
   -0.280172    0.187829
   -0.276391    0.180916
   -0.272553    0.173813
   -0.268663    0.166522
   -0.264726    0.159049
   -0.260746    0.151395
   -0.256727    0.143566
   -0.252674    0.135565
   -0.248592    0.127396
   -0.244485    0.119065
   -0.240358    0.110575
   -0.236215    0.101932
   -0.232062    0.093141
   -0.227903    0.084208
   -0.223742    0.075137
   -0.219585    0.065935
   -0.215436    0.056608
   -0.211299    0.047162
   -0.207181    0.037604
   -0.203084    0.027940
   -0.199015    0.018176
   -0.194977    0.008321
   -0.190975   -0.001619
   -0.187015   -0.011637
   -0.183099   -0.021725
   -0.179234   -0.031875
   -0.175423   -0.042080
   -0.171670   -0.052330
   -0.167981   -0.062619
   -0.164359   -0.072938
   -0.160809   -0.083278
   -0.157334   -0.093630
   -0.153938   -0.103986
   -0.150626   -0.114338
   -0.147402   -0.124675
   -0.144268   -0.134990
   -0.141229   -0.145272
   -0.138288   -0.155512
   -0.135448   -0.165702
   -0.132713   -0.175831
   -0.130086   -0.185891
   -0.127569   -0.195871
   -0.125166   -0.205762
   -0.122879   -0.215555
   -0.120710   -0.225239
   -0.118663   -0.234806
   -0.116738   -0.244245
   -0.114939   -0.253548
   -0.113268   -0.262703
   -0.111725   -0.271702
   -0.110312   -0.280536
   -0.109031   -0.289193
   -0.107883   -0.297667
   -0.106869   -0.305946
   -0.105990   -0.314021
   -0.105245   -0.321884
   -0.104637   -0.329525
   -0.104164   -0.336936
   -0.103827   -0.344107
   -0.103626   -0.351030
   -0.103560   -0.357696
   -0.103629   -0.364097
   -0.103833   -0.370225
   -0.104169   -0.376071
   -0.104637   -0.381629
   -0.105236   -0.386889
   -0.105963   -0.391846
   -0.106818   -0.396491
   -0.107798   -0.400818
   -0.108901   -0.404820
   -0.110125   -0.408491
   -0.111468   -0.411824
   -0.112925   -0.414814
   -0.114495   -0.417455
   -0.116175   -0.419741
   -0.117961   -0.421669
   -0.119849   -0.423232
   -0.121837   -0.424427
   -0.123919   -0.425249
   -0.126093   -0.425696
   -0.128354   -0.425763
   -0.130698   -0.425447
   -0.133120   -0.424747
   -0.135616   -0.423659
   -0.138181   -0.422181
   -0.140810   -0.420313
   -0.143498   -0.418053
   -0.146240   -0.415399
   -0.149031   -0.412353
   -0.151865   -0.408913
   -0.154737   -0.405080
   -0.157641   -0.400855
   -0.160572   -0.396239
   -0.163524   -0.391233
   -0.166491   -0.385840
   -0.169467   -0.380061
   -0.172447   -0.373901
   -0.175423   -0.367360
   -0.178391   -0.360445
   -0.181344   -0.353157
   -0.184276   -0.345502
   -0.187180   -0.337484
   -0.190052   -0.329109
   -0.192884   -0.320382
   -0.195670   -0.311308
   -0.198405   -0.301895
   -0.201082   -0.292148
   -0.203695   -0.282075
   -0.206239   -0.271684
   -0.208706   -0.260981
   -0.211092   -0.249975
   -0.213390   -0.238675
   -0.215594   -0.227089
   -0.217700   -0.215226
   -0.219700   -0.203096
   -0.221591   -0.190709
   -0.223365   -0.178073
   -0.225019   -0.165201
   -0.226547   -0.152102
   -0.227944   -0.138787
   -0.229204   -0.125267
   -0.230324   -0.111555
   -0.231298   -0.097660
   -0.232123   -0.083595
   -0.232793   -0.069373
   -0.233305   -0.055005
   -0.233655   -0.040503
   -0.233839   -0.025881
   -0.233854   -0.011151
   -0.233696    0.003674
   -0.233362    0.018582
   -0.232849    0.033558
   -0.232155    0.048590
   -0.231277    0.063665
   -0.230212    0.078769
   -0.228959    0.093888
   -0.227516    0.109010
   -0.225881    0.124120
   -0.224053    0.139206
   -0.222030    0.154253
   -0.219813    0.169249
   -0.217399    0.184179
   -0.214789    0.199031
   -0.211983    0.213791
   -0.208981    0.228445
   -0.205782    0.242982
   -0.202388    0.257386
   -0.198800    0.271647
   -0.195018    0.285751
   -0.191044    0.299684
   -0.186879    0.313436
   -0.182526    0.326993
   -0.177985    0.340344
   -0.173261    0.353476
   -0.168354    0.366378
   -0.163268    0.379038
   -0.158006    0.391446
   -0.152571    0.403591
   -0.146966    0.415460
   -0.141195    0.427046
   -0.135262    0.438336
   -0.129171    0.449323
   -0.122926    0.459995
   -0.116532    0.470344
   -0.109994    0.480361
   -0.103315    0.490039
   -0.096502    0.499368
   -0.089559    0.508340
   -0.082492    0.516950
   -0.075306    0.525189
   -0.068007    0.533051
   -0.060601    0.540530
   -0.053094    0.547620
   -0.045492    0.554315
   -0.037801    0.560611
   -0.030027    0.566503
   -0.022177    0.571987
   -0.014257    0.577060
   -0.006275    0.581717
    0.001764    0.585955
    0.009852    0.589774
    0.017983    0.593169
    0.026150    0.596141
    0.034346    0.598687
    0.042563    0.600806
    0.050795    0.602499
    0.059035    0.603766
    0.067276    0.604606
    0.075510    0.605022
    0.083731    0.605013
    0.091932    0.604583
    0.100105    0.603733
    0.108244    0.602465
    0.116341    0.600784
    0.124391    0.598691
    0.132385    0.596191
    0.140318    0.593288
    0.148182    0.589986
    0.155971    0.586291
    0.163679    0.582208
    0.171299    0.577741
    0.178824    0.572898
    0.186250    0.567683
    0.193568    0.562105
    0.200775    0.556170
    0.207863    0.549885
    0.214827    0.543257
    0.221661    0.536294
    0.228361    0.529006
    0.234921    0.521398
    0.241336    0.513482
    0.247601    0.505264
    0.253711    0.496755
    0.259662    0.487963
    0.265449    0.478899
    0.271069    0.469571
    0.276517    0.459990
    0.281789    0.450166
    0.286882    0.440108
    0.291793    0.429828
    0.296519    0.419335
    0.301055    0.408640
    0.305401    0.397755
    0.309552    0.386689
    0.313507    0.375454
    0.317264    0.364061
    0.320820    0.352520
    0.324175    0.340842
    0.327325    0.329039
    0.330271    0.317122
    0.333011    0.305102
    0.335544    0.292990
    0.337870    0.280796
    0.339987    0.268533
    0.341897    0.256210
    0.343598    0.243840
    0.345092    0.231432
    0.346377    0.218997
    0.347456    0.206547
    0.348328    0.194091
    0.348995    0.181641
    0.349458    0.169206
    0.349718    0.156797
    0.349777    0.144424
    0.349636    0.132097
    0.349297    0.119825
    0.348763    0.107618
    0.348035    0.095486
    0.347116    0.083437
    0.346008    0.071481
    0.344715    0.059627
    0.343238    0.047883
    0.341582    0.036258
    0.339748    0.024759
    0.337741    0.013396
    0.335564    0.002174
    0.333219   -0.008897
    0.330712   -0.019811
    0.328045   -0.030562
    0.325222   -0.041141
    0.322248   -0.051543
    0.319125   -0.061762
    0.315859   -0.071792
    0.312454   -0.081626
    0.308913   -0.091260
    0.305242   -0.100689
    0.301444   -0.109907
    0.297523   -0.118911
    0.293485   -0.127695
    0.289334   -0.136256
    0.285075   -0.144591
    0.280711   -0.152695
    0.276249   -0.160566
    0.271691   -0.168200
    0.267044   -0.175596
    0.262311   -0.182751
    0.257497   -0.189662
    0.252608   -0.196328
    0.247647   -0.202749
    0.242619   -0.208921
    0.237530   -0.214845
    0.232383   -0.220519
    0.227183   -0.225944
    0.221935   -0.231119
    0.216644   -0.236044
    0.211313   -0.240719
    0.205947   -0.245146
    0.200552   -0.249324
    0.195130   -0.253255
    0.189686   -0.256941
    0.184225   -0.260382
    0.178751   -0.263580
    0.173267   -0.266538
    0.167779   -0.269257
    0.162289   -0.271740
    0.156803   -0.273989
    0.151322   -0.276007
    0.145853   -0.277797
    0.140397   -0.279361
    0.134959   -0.280704
    0.129542   -0.281828
    0.124150   -0.282738
    0.118785   -0.283436
    0.113452   -0.283927
    0.108153   -0.284214
    0.102891   -0.284302
    0.097670   -0.284195
    0.092492   -0.283897
    0.087360   -0.283413
    0.082276   -0.282747
    0.077244   -0.281904
    0.072266   -0.280888
    0.067343   -0.279705
    0.062480   -0.278359
    0.057677   -0.276855
    0.052937   -0.275199
    0.048261   -0.273394
    0.043652   -0.271447
    0.039112   -0.269362
    0.034643   -0.267145
    0.030245   -0.264801
    0.025921   -0.262334
    0.021672   -0.259751
    0.017499   -0.257056
    0.013404   -0.254254
    0.009387   -0.251351
    0.005451   -0.248353
    0.001596   -0.245263
   -0.002177   -0.242088
   -0.005868   -0.238832
   -0.009474   -0.235500
   -0.012997   -0.232098
   -0.016434   -0.228631
   -0.019786   -0.225103
   -0.023052   -0.221520
   -0.026232   -0.217885
   -0.029325   -0.214205
   -0.032330   -0.210484
   -0.035249   -0.206726
   -0.038080   -0.202936
   -0.040824   -0.199118
   -0.043481   -0.195278
   -0.046050   -0.191418
   -0.048532   -0.187545
   -0.050927   -0.183660
   -0.053235   -0.179770
   -0.055456   -0.175877
   -0.057592   -0.171985
   -0.059641   -0.168099
   -0.061605   -0.164222
   -0.063485   -0.160357
   -0.065279   -0.156509
   -0.066990   -0.152679
   -0.068618   -0.148873
   -0.070164   -0.145092
   -0.071628   -0.141339
   -0.073010   -0.137619
   -0.074312   -0.133933
   -0.075535   -0.130283
   -0.076680   -0.126674
   -0.077746   -0.123107
   -0.078736   -0.119584
   -0.079650   -0.116108
   -0.080489   -0.112681
   -0.081254   -0.109305
   -0.081947   -0.105981
   -0.082567   -0.102712
   -0.083118   -0.099499
   -0.083598   -0.096344
   -0.084010   -0.093248
   -0.084355   -0.090213
   -0.084634   -0.087239
   -0.084848   -0.084329
   -0.084998   -0.081482
   -0.085086   -0.078700
   -0.085113   -0.075984
   -0.085080   -0.073334
   -0.084989   -0.070751
   -0.084840   -0.068236
   -0.084636   -0.065788
   -0.084376   -0.063409
   -0.084064   -0.061098
   -0.083700   -0.058856
   -0.083285   -0.056683
   -0.082822   -0.054578
   -0.082311   -0.052542
   -0.081753   -0.050575
   -0.081151   -0.048675
   -0.080505   -0.046843
   -0.079817   -0.045079
   -0.079089   -0.043381
   -0.078322   -0.041750
   -0.077517   -0.040184
   -0.076676   -0.038684
   -0.075801   -0.037247
   -0.074892   -0.035874
   -0.073951   -0.034564
   -0.072980   -0.033315
   -0.071981   -0.032127
   -0.070953   -0.030999
   -0.069901   -0.029929
   -0.068823   -0.028917
   -0.067723   -0.027961
   -0.066601   -0.027061
   -0.065459   -0.026214
   -0.064299   -0.025420
   -0.063122   -0.024677
   -0.061928   -0.023984
   -0.060721   -0.023340
   -0.059501   -0.022743
   -0.058269   -0.022192
   -0.057027   -0.021685
   -0.055776   -0.021221
   -0.054519   -0.020799
   -0.053255   -0.020418
   -0.051986   -0.020074
   -0.050715   -0.019768
   -0.049441   -0.019498
   -0.048167   -0.019261
   -0.046893   -0.019057
   -0.045622   -0.018885
   -0.044353   -0.018742
   -0.043088   -0.018627
   -0.041829   -0.018538
   -0.040577   -0.018475
   -0.039333   -0.018436
   -0.038097   -0.018418
   -0.036871   -0.018422
   -0.035657   -0.018444
   -0.034454   -0.018485
   -0.033265   -0.018541
   -0.032090   -0.018613
   -0.030929   -0.018699
   -0.029785   -0.018797
   -0.028657   -0.018905
   -0.027547   -0.019024
   -0.026455   -0.019151
   -0.025383   -0.019284
   -0.024330   -0.019424
   -0.023298   -0.019568
   -0.022288   -0.019716
   -0.021299   -0.019866
   -0.020333   -0.020018
   -0.019390   -0.020169
   -0.018470   -0.020320
   -0.017575   -0.020468
   -0.016704   -0.020614
   -0.015858   -0.020755
   -0.015038   -0.020892
   -0.014242   -0.021023
   -0.013473   -0.021147
   -0.012730   -0.021265
   -0.012013   -0.021373
   -0.011323   -0.021473
   -0.010660   -0.021564
   -0.010023   -0.021644
   -0.009413   -0.021713
   -0.008829   -0.021771
   -0.008273   -0.021817
   -0.007743   -0.021850
   -0.007240   -0.021870
   -0.006763   -0.021876
   -0.006312   -0.021869
   -0.005888   -0.021847
   -0.005489   -0.021811
   -0.005116   -0.021760
   -0.004768   -0.021693
   -0.004445   -0.021612
   -0.004147   -0.021514
   -0.003873   -0.021401
   -0.003622   -0.021272
   -0.003395   -0.021127
   -0.003190   -0.020967
   -0.003008   -0.020790
   -0.002848   -0.020597
   -0.002709   -0.020388
   -0.002590   -0.020164
   -0.002492   -0.019923
   -0.002412   -0.019667
   -0.002352   -0.019395
   -0.002310   -0.019109
   -0.002285   -0.018807
   -0.002277   -0.018490
   -0.002285   -0.018159
   -0.002308   -0.017813
   -0.002346   -0.017454
   -0.002398   -0.017080
   -0.002464   -0.016694
   -0.002541   -0.016295
   -0.002631   -0.015883
   -0.002731   -0.015459
   -0.002842   -0.015023
   -0.002962   -0.014577
   -0.003091   -0.014119
   -0.003228   -0.013652
   -0.003373   -0.013174
   -0.003524   -0.012688
   -0.003680   -0.012192
   -0.003842   -0.011689
   -0.004009   -0.011177
   -0.004179   -0.010659
   -0.004353   -0.010134
   -0.004529   -0.009603
   -0.004706   -0.009066
   -0.004885   -0.008525
   -0.005064   -0.007979
   -0.005244   -0.007429
   -0.005422   -0.006877
   -0.005600   -0.006321
   -0.005776   -0.005763
   -0.005949   -0.005204
   -0.006120   -0.004644
   -0.006288   -0.004084
   -0.006451   -0.003523
   -0.006611   -0.002963
   -0.006767   -0.002405
   -0.006917   -0.001848
   -0.007062   -0.001293
   -0.007202   -0.000741
   -0.007335   -0.000193
   -0.007463    0.000352
   -0.007584    0.000893
   -0.007699    0.001429
   -0.007806    0.001960
   -0.007907    0.002485
   -0.008001    0.003005
   -0.008087    0.003518
   -0.008166    0.004024
   -0.008238    0.004523
   -0.008302    0.005015
   -0.008358    0.005499
   -0.008407    0.005974
   -0.008449    0.006441
   -0.008483    0.006899
   -0.008510    0.007348
   -0.008529    0.007788
   -0.008542    0.008219
   -0.008547    0.008639
   -0.008545    0.009049
   -0.008537    0.009450
   -0.008523    0.009840
   -0.008502    0.010219
   -0.008475    0.010588
   -0.008442    0.010946
   -0.008403    0.011293
   -0.008360    0.011629
   -0.008311    0.011955
   -0.008258    0.012269
   -0.008200    0.012572
   -0.008138    0.012865
   -0.008072    0.013146
   -0.008003    0.013416
   -0.007931    0.013675
   -0.007856    0.013924
   -0.007778    0.014162
   -0.007699    0.014388
   -0.007617    0.014605
   -0.007534    0.014811
   -0.007451    0.015006
   -0.007366    0.015192
   -0.007281    0.015367
   -0.007196    0.015533
   -0.007112    0.015689
   -0.007028    0.015835
   -0.006945    0.015972
   -0.006863    0.016101
   -0.006783    0.016220
   -0.006704    0.016331
   -0.006628    0.016434
   -0.006554    0.016529
   -0.006483    0.016615
   -0.006415    0.016695
   -0.006350    0.016767
   -0.006289    0.016832
   -0.006230    0.016891
   -0.006176    0.016943
   -0.006126    0.016990
   -0.006080    0.017030
   -0.006038    0.017065
   -0.006000    0.017095
   -0.005967    0.017120
   -0.005938    0.017141
   -0.005914    0.017157
   -0.005895    0.017169
   -0.005880    0.017178
   -0.005871    0.017184
   -0.005865    0.017186
   -0.005865    0.017185
   -0.005869    0.017183
   -0.005878    0.017178
   -0.005891    0.017171
   -0.005909    0.017162
   -0.005931    0.017152
   -0.005957    0.017141
   -0.005987    0.017129
   -0.006021    0.017116
   -0.006058    0.017104
   -0.006099    0.017091
   -0.006143    0.017078
   -0.006190    0.017065
   -0.006240    0.017053
   -0.006292    0.017041
   -0.006347    0.017031
   -0.006403    0.017021
   -0.006461    0.017013
   -0.006520    0.017006
   -0.006580    0.017000
   -0.006640    0.016996
   -0.006701    0.016994
   -0.006762    0.016994
   -0.006822    0.016995
   -0.006881    0.016999
   -0.006939    0.017004
   -0.006996    0.017012
   -0.007050    0.017022
   -0.007102    0.017034
   -0.007152    0.017049
   -0.007198    0.017065
   -0.007240    0.017084
   -0.007279    0.017106
   -0.007313    0.017129
   -0.007343    0.017155
   -0.007368    0.017182
   -0.007387    0.017212
   -0.007400    0.017244
   -0.007407    0.017277
   -0.007408    0.017313
   -0.007402    0.017350
   -0.007388    0.017388
   -0.007367    0.017428
   -0.007338    0.017470
   -0.007301    0.017513
   -0.007256    0.017556
   -0.007202    0.017601
   -0.007138    0.017646
   -0.007066    0.017692
   -0.006984    0.017738
   -0.006892    0.017784
   -0.006791    0.017830
   -0.006679    0.017876
   -0.006557    0.017921
   -0.006425    0.017966
   -0.006283    0.018009
   -0.006129    0.018052
   -0.005966    0.018093
   -0.005791    0.018132
   -0.005605    0.018170
   -0.005409    0.018205
   -0.005202    0.018238
   -0.004984    0.018268
   -0.004755    0.018296
   -0.004516    0.018320
   -0.004266    0.018341
   -0.004006    0.018358
   -0.003735    0.018371
   -0.003454    0.018380
   -0.003162    0.018385
   -0.002861    0.018384
   -0.002551    0.018379
   -0.002230    0.018369
   -0.001901    0.018354
   -0.001563    0.018332
   -0.001216    0.018305
   -0.000860    0.018272
   -0.000497    0.018232
   -0.000126    0.018185
    0.000252    0.018132
    0.000637    0.018072
    0.001028    0.018005
    0.001426    0.017930
    0.001829    0.017847
    0.002237    0.017757
    0.002650    0.017659
    0.003068    0.017552
    0.003489    0.017437
    0.003913    0.017314
    0.004340    0.017182
    0.004770    0.017042
    0.005201    0.016893
    0.005633    0.016734
    0.006065    0.016567
    0.006498    0.016390
    0.006931    0.016205
    0.007362    0.016009
    0.007791    0.015805
    0.008219    0.015591
    0.008643    0.015368
    0.009064    0.015135
    0.009481    0.014893
    0.009894    0.014642
    0.010302    0.014381
    0.010703    0.014110
    0.011099    0.013830
    0.011488    0.013541
    0.011869    0.013243
    0.012243    0.012935
    0.012608    0.012619
    0.012964    0.012293
    0.013310    0.011959
    0.013646    0.011615
    0.013972    0.011264
    0.014287    0.010903
    0.014590    0.010535
    0.014881    0.010158
    0.015159    0.009773
    0.015425    0.009381
    0.015677    0.008981
    0.015915    0.008573
    0.016140    0.008159
    0.016349    0.007738
    0.016544    0.007310
    0.016723    0.006876
    0.016887    0.006436
    0.017035    0.005990
    0.017166    0.005538
    0.017281    0.005081
    0.017380    0.004620
    0.017461    0.004154
    0.017525    0.003683
    0.017572    0.003209
    0.017602    0.002731
    0.017613    0.002251
    0.017608    0.001767
    0.017584    0.001280
    0.017542    0.000792
    0.017482    0.000302
    0.017405   -0.000190
    0.017309   -0.000682
    0.017196   -0.001175
    0.017064   -0.001669
    0.016915   -0.002162
    0.016748   -0.002654
    0.016563   -0.003146
    0.016361   -0.003636
    0.016142   -0.004124
    0.015906   -0.004610
    0.015652   -0.005093
    0.015382   -0.005574
    0.015096   -0.006051
    0.014793   -0.006524
    0.014475   -0.006993
    0.014141   -0.007457
    0.013792   -0.007916
    0.013428   -0.008369
    0.013050   -0.008817
    0.012657   -0.009258
    0.012252   -0.009693
    0.011832   -0.010121
    0.011401   -0.010541
    0.010956   -0.010954
    0.010501   -0.011358
    0.010033   -0.011754
    0.009556   -0.012140
    0.009067   -0.012518
    0.008570   -0.012886
    0.008063   -0.013244
    0.007547   -0.013592
    0.007024   -0.013929
    0.006493   -0.014255
    0.005956   -0.014570
    0.005412   -0.014873
    0.004863   -0.015165
    0.004309   -0.015444
    0.003750   -0.015712
    0.003188   -0.015966
    0.002623   -0.016208
    0.002056   -0.016437
    0.001487   -0.016653
    0.000917   -0.016855
    0.000347   -0.017043
   -0.000223   -0.017218
   -0.000792   -0.017378
   -0.001360   -0.017525
   -0.001925   -0.017657
   -0.002487   -0.017775
   -0.003046   -0.017878
   -0.003600   -0.017967
   -0.004149   -0.018040
   -0.004693   -0.018100
   -0.005231   -0.018144
   -0.005762   -0.018174
   -0.006286   -0.018188
   -0.006801   -0.018188
   -0.007308   -0.018173
   -0.007806   -0.018143
   -0.008294   -0.018099
   -0.008772   -0.018040
   -0.009238   -0.017966
   -0.009694   -0.017877
   -0.010137   -0.017774
   -0.010568   -0.017657
   -0.010986   -0.017526
   -0.011390   -0.017380
   -0.011781   -0.017221
   -0.012158   -0.017048
   -0.012519   -0.016862
   -0.012866   -0.016662
   -0.013197   -0.016449
   -0.013512   -0.016224
   -0.013810   -0.015986
   -0.014093   -0.015735
   -0.014358   -0.015473
   -0.014606   -0.015199
   -0.014837   -0.014914
   -0.015050   -0.014617
   -0.015245   -0.014310
   -0.015422   -0.013993
   -0.015581   -0.013665
   -0.015722   -0.013328
   -0.015844   -0.012982
   -0.015948   -0.012627
   -0.016033   -0.012263
   -0.016099   -0.011892
   -0.016147   -0.011513
   -0.016176   -0.011126
   -0.016186   -0.010733
   -0.016178   -0.010334
   -0.016151   -0.009929
   -0.016106   -0.009518
   -0.016043   -0.009103
   -0.015961   -0.008683
   -0.015862   -0.008260
   -0.015745   -0.007833
   -0.015610   -0.007403
   -0.015458   -0.006970
   -0.015289   -0.006536
   -0.015104   -0.006100
   -0.014902   -0.005663
   -0.014684   -0.005226
   -0.014451   -0.004789
   -0.014202   -0.004353
   -0.013939   -0.003917
   -0.013661   -0.003483
   -0.013369   -0.003051
   -0.013064   -0.002622
   -0.012746   -0.002196
   -0.012415   -0.001773
   -0.012073   -0.001354
   -0.011719   -0.000940
   -0.011354   -0.000531
   -0.010979   -0.000126
   -0.010595    0.000272
   -0.010201    0.000664
   -0.009799    0.001049
   -0.009390    0.001427
   -0.008973    0.001798
   -0.008549    0.002160
   -0.008120    0.002515
   -0.007686    0.002860
   -0.007247    0.003197
   -0.006805    0.003524
   -0.006359    0.003842
   -0.005911    0.004149
   -0.005461    0.004446
   -0.005011    0.004733
   -0.004560    0.005008
   -0.004109    0.005273
   -0.003659    0.005525
   -0.003212    0.005767
   -0.002767    0.005996
   -0.002325    0.006213
   -0.001887    0.006419
   -0.001453    0.006611
   -0.001025    0.006792
   -0.000602    0.006959
   -0.000187    0.007114
    0.000222    0.007257
    0.000623    0.007386
    0.001015    0.007502
    0.001398    0.007606
    0.001771    0.007697
    0.002134    0.007774
    0.002487    0.007839
    0.002828    0.007891
    0.003157    0.007931
    0.003473    0.007958
    0.003777    0.007972
    0.004067    0.007974
    0.004343    0.007963
    0.004606    0.007941
    0.004853    0.007907
    0.005085    0.007861
    0.005302    0.007804
    0.005503    0.007735
    0.005688    0.007656
    0.005857    0.007566
    0.006009    0.007466
    0.006144    0.007355
    0.006262    0.007235
    0.006363    0.007105
    0.006447    0.006967
    0.006513    0.006819
    0.006561    0.006663
    0.006592    0.006500
    0.006605    0.006329
    0.006600    0.006150
    0.006577    0.005965
    0.006537    0.005773
    0.006479    0.005576
    0.006404    0.005373
    0.006311    0.005165
    0.006201    0.004953
    0.006074    0.004737
    0.005931    0.004516
    0.005770    0.004293
    0.005594    0.004067
    0.005401    0.003839
    0.005192    0.003609
    0.004969    0.003377
    0.004730    0.003145
    0.004477    0.002913
    0.004209    0.002680
    0.003928    0.002448
    0.003633    0.002218
    0.003326    0.001988
    0.003006    0.001761
    0.002674    0.001536
    0.002331    0.001314
    0.001978    0.001095
    0.001614    0.000880
    0.001241    0.000669
    0.000858    0.000462
    0.000468    0.000261
    0.000069    0.000064
   -0.000336   -0.000126
   -0.000748   -0.000311
   -0.001165   -0.000489
   -0.001588   -0.000661
   -0.002015   -0.000825
   -0.002446   -0.000982
   -0.002880   -0.001132
   -0.003316   -0.001273
   -0.003754   -0.001406
   -0.004192   -0.001531
   -0.004632   -0.001647
   -0.005070   -0.001755
   -0.005508   -0.001853
   -0.005943   -0.001941
   -0.006376   -0.002021
   -0.006806   -0.002090
   -0.007232   -0.002150
   -0.007654   -0.002200
   -0.008070   -0.002240
   -0.008481   -0.002270
   -0.008885   -0.002290
   -0.009281   -0.002300
   -0.009670   -0.002300
   -0.010051   -0.002289
   -0.010423   -0.002268
   -0.010785   -0.002238
   -0.011137   -0.002197
   -0.011478   -0.002146
   -0.011809   -0.002085
   -0.012127   -0.002014
   -0.012433   -0.001933
   -0.012727   -0.001843
   -0.013008   -0.001743
   -0.013275   -0.001634
   -0.013528   -0.001516
   -0.013767   -0.001389
   -0.013991   -0.001253
   -0.014200   -0.001109
   -0.014394   -0.000956
   -0.014572   -0.000796
   -0.014734   -0.000628
   -0.014880   -0.000452
   -0.015009   -0.000269
   -0.015123   -0.000079
   -0.015219    0.000118
   -0.015298    0.000321
   -0.015361    0.000530
   -0.015406    0.000744
   -0.015435    0.000964
   -0.015446    0.001189
   -0.015439    0.001418
   -0.015416    0.001652
   -0.015376    0.001889
   -0.015318    0.002130
   -0.015243    0.002374
   -0.015152    0.002621
   -0.015044    0.002870
   -0.014919    0.003121
   -0.014777    0.003373
   -0.014620    0.003627
   -0.014446    0.003882
   -0.014257    0.004136
   -0.014052    0.004391
   -0.013832    0.004646
   -0.013597    0.004900
   -0.013347    0.005152
   -0.013084    0.005403
   -0.012806    0.005652
   -0.012515    0.005899
   -0.012211    0.006144
   -0.011894    0.006385
   -0.011565    0.006623
   -0.011224    0.006857
   -0.010872    0.007087
   -0.010509    0.007312
   -0.010136    0.007533
   -0.009752    0.007749
   -0.009360    0.007960
   -0.008958    0.008165
   -0.008549    0.008364
   -0.008131    0.008556
   -0.007707    0.008743
   -0.007275    0.008922
   -0.006838    0.009095
   -0.006394    0.009260
   -0.005946    0.009417
   -0.005494    0.009567
   -0.005037    0.009710
   -0.004577    0.009844
   -0.004115    0.009969
   -0.003650    0.010087
   -0.003183    0.010195
   -0.002716    0.010295
   -0.002248    0.010387
   -0.001780    0.010469
   -0.001312    0.010542
   -0.000846    0.010605
   -0.000382    0.010660
    0.000081    0.010705
    0.000541    0.010741
    0.000997    0.010767
    0.001450    0.010784
    0.001898    0.010792
    0.002342    0.010790
    0.002781    0.010778
    0.003214    0.010757
    0.003640    0.010726
    0.004061    0.010686
    0.004474    0.010637
    0.004880    0.010579
    0.005278    0.010511
    0.005668    0.010434
    0.006049    0.010348
    0.006422    0.010253
    0.006785    0.010149
    0.007138    0.010037
    0.007482    0.009916
    0.007816    0.009787
    0.008139    0.009649
    0.008451    0.009503
    0.008752    0.009349
    0.009043    0.009188
    0.009322    0.009019
    0.009589    0.008843
    0.009844    0.008659
    0.010088    0.008468
    0.010319    0.008271
    0.010539    0.008067
    0.010746    0.007857
    0.010940    0.007640
    0.011122    0.007418
    0.011292    0.007190
    0.011449    0.006957
    0.011593    0.006719
    0.011725    0.006475
    0.011844    0.006227
    0.011951    0.005975
    0.012045    0.005718
    0.012126    0.005457
    0.012195    0.005193
    0.012252    0.004926
    0.012297    0.004655
    0.012329    0.004382
    0.012350    0.004106
    0.012358    0.003827
    0.012355    0.003547
    0.012340    0.003264
    0.012314    0.002981
    0.012277    0.002695
    0.012228    0.002409
    0.012169    0.002123
    0.012100    0.001835
    0.012020    0.001548
    0.011930    0.001260
    0.011830    0.000973
    0.011720    0.000686
    0.011601    0.000400
    0.011473    0.000115
    0.011336   -0.000168
    0.011191   -0.000450
    0.011038   -0.000730
    0.010876   -0.001009
    0.010707   -0.001285
    0.010531   -0.001558
    0.010348   -0.001829
    0.010158   -0.002097
    0.009961   -0.002362
    0.009759   -0.002623
    0.009551   -0.002881
    0.009338   -0.003135
    0.009119   -0.003385
    0.008896   -0.003631
    0.008668   -0.003872
    0.008437   -0.004109
    0.008201   -0.004341
    0.007962   -0.004568
    0.007720   -0.004790
    0.007476   -0.005007
    0.007228   -0.005218
    0.006979   -0.005423
    0.006728   -0.005623
    0.006475   -0.005816
    0.006222   -0.006004
    0.005967   -0.006185
    0.005712   -0.006360
    0.005456   -0.006528
    0.005201   -0.006689
    0.004945   -0.006843
    0.004691   -0.006991
    0.004437   -0.007131
    0.004184   -0.007264
    0.003933   -0.007390
    0.003683   -0.007508
    0.003435   -0.007619
    0.003190   -0.007722
    0.002947   -0.007817
    0.002706   -0.007904
    0.002468   -0.007983
    0.002233   -0.008055
    0.002001   -0.008118
    0.001773   -0.008173
    0.001548   -0.008220
    0.001328   -0.008258
    0.001111   -0.008288
    0.000898   -0.008310
    0.000689   -0.008323
    0.000485   -0.008328
    0.000285   -0.008324
    0.000090   -0.008311
   -0.000100   -0.008290
   -0.000285   -0.008260
   -0.000466   -0.008222
   -0.000641   -0.008175
   -0.000811   -0.008120
   -0.000976   -0.008055
   -0.001136   -0.007983
   -0.001291   -0.007901
   -0.001440   -0.007811
   -0.001584   -0.007713
   -0.001722   -0.007606
   -0.001855   -0.007490
   -0.001983   -0.007367
   -0.002105   -0.007234
   -0.002222   -0.007094
   -0.002333   -0.006945
   -0.002440   -0.006788
   -0.002540   -0.006623
   -0.002636   -0.006451
   -0.002726   -0.006270
   -0.002812   -0.006082
   -0.002892   -0.005885
   -0.002967   -0.005682
   -0.003037   -0.005471
   -0.003103   -0.005253
   -0.003164   -0.005027
   -0.003220   -0.004795
   -0.003271   -0.004556
   -0.003318   -0.004310
   -0.003361   -0.004058
   -0.003400   -0.003800
   -0.003435   -0.003535
   -0.003466   -0.003265
   -0.003493   -0.002988
   -0.003516   -0.002707
   -0.003537   -0.002420
   -0.003553   -0.002128
   -0.003567   -0.001831
   -0.003578   -0.001530
   -0.003586   -0.001224
   -0.003591   -0.000914
   -0.003594   -0.000600
   -0.003594   -0.000283
   -0.003592    0.000038
   -0.003589    0.000362
   -0.003583    0.000688
   -0.003576    0.001017
   -0.003567    0.001348
   -0.003558    0.001681
   -0.003547    0.002016
   -0.003535    0.002352
   -0.003522    0.002689
   -0.003509    0.003027
   -0.003495    0.003365
   -0.003481    0.003704
   -0.003467    0.004042
   -0.003453    0.004379
   -0.003440    0.004716
   -0.003426    0.005051
   -0.003414    0.005385
   -0.003402    0.005717
   -0.003390    0.006047
   -0.003380    0.006374
   -0.003371    0.006699
   -0.003363    0.007020
   -0.003357    0.007338
   -0.003352    0.007652
   -0.003349    0.007962
   -0.003347    0.008268
   -0.003347    0.008568
   -0.003350    0.008864
   -0.003354    0.009154
   -0.003360    0.009439
   -0.003369    0.009717
   -0.003380    0.009989
   -0.003393    0.010255
   -0.003409    0.010514
   -0.003427    0.010765
   -0.003448    0.011009
   -0.003472    0.011246
   -0.003498    0.011474
   -0.003526    0.011694
   -0.003557    0.011906
   -0.003591    0.012109
   -0.003628    0.012303
   -0.003667    0.012487
   -0.003709    0.012663
   -0.003754    0.012828
   -0.003801    0.012984
   -0.003851    0.013130
   -0.003903    0.013266
   -0.003958    0.013391
   -0.004015    0.013506
   -0.004075    0.013610
   -0.004137    0.013703
   -0.004201    0.013785
   -0.004267    0.013857
   -0.004335    0.013917
   -0.004406    0.013966
   -0.004478    0.014004
   -0.004551    0.014030
   -0.004627    0.014045
   -0.004704    0.014048
   -0.004782    0.014040
   -0.004861    0.014020
   -0.004942    0.013989
   -0.005023    0.013946
   -0.005105    0.013891
   -0.005188    0.013825
   -0.005271    0.013748
   -0.005355    0.013659
   -0.005438    0.013559
   -0.005522    0.013447
   -0.005605    0.013324
   -0.005688    0.013190
   -0.005770    0.013045
   -0.005851    0.012889
   -0.005931    0.012722
   -0.006011    0.012545
   -0.006088    0.012357
   -0.006164    0.012158
   -0.006239    0.011950
   -0.006311    0.011731
   -0.006382    0.011502
   -0.006449    0.011264
   -0.006515    0.011016
   -0.006577    0.010758
   -0.006637    0.010492
   -0.006693    0.010217
   -0.006746    0.009933
   -0.006796    0.009640
   -0.006841    0.009339
   -0.006883    0.009030
   -0.006921    0.008714
   -0.006954    0.008390
   -0.006983    0.008059
   -0.007007    0.007720
   -0.007027    0.007375
   -0.007041    0.007024
   -0.007050    0.006666
   -0.007054    0.006302
   -0.007053    0.005933
   -0.007046    0.005558
   -0.007033    0.005178
   -0.007014    0.004793
   -0.006989    0.004403
   -0.006958    0.004009
   -0.006921    0.003611
   -0.006877    0.003210
   -0.006827    0.002804
   -0.006770    0.002396
   -0.006707    0.001984
   -0.006637    0.001570
   -0.006560    0.001154
   -0.006476    0.000735
   -0.006386    0.000314
   -0.006288   -0.000108
   -0.006183   -0.000531
   -0.006071   -0.000956
   -0.005952   -0.001382
   -0.005826   -0.001808
   -0.005693   -0.002234
   -0.005553   -0.002661
   -0.005406   -0.003088
   -0.005251   -0.003514
   -0.005090   -0.003939
   -0.004921   -0.004364
   -0.004746   -0.004788
   -0.004564   -0.005210
   -0.004374   -0.005631
   -0.004178   -0.006050
   -0.003976   -0.006467
   -0.003767   -0.006882
   -0.003551   -0.007295
   -0.003329   -0.007705
   -0.003100   -0.008112
   -0.002865   -0.008516
   -0.002625   -0.008918
   -0.002378   -0.009316
   -0.002126   -0.009710
   -0.001868   -0.010101
   -0.001604   -0.010488
   -0.001336   -0.010870
   -0.001062   -0.011249
   -0.000783   -0.011623
   -0.000500   -0.011993
   -0.000212   -0.012358
    0.000080   -0.012718
    0.000377   -0.013073
    0.000677   -0.013423
    0.000981   -0.013768
    0.001288   -0.014108
    0.001599   -0.014441
    0.001913   -0.014769
    0.002229   -0.015092
    0.002548   -0.015408
    0.002869   -0.015718
    0.003193   -0.016022
    0.003518   -0.016319
    0.003844   -0.016610
    0.004172   -0.016894
    0.004501   -0.017172
    0.004830   -0.017442
    0.005160   -0.017706
    0.005490   -0.017963
    0.005820   -0.018212
    0.006150   -0.018454
    0.006479   -0.018689
    0.006808   -0.018915
    0.007135   -0.019135
    0.007461   -0.019346
    0.007785   -0.019550
    0.008107   -0.019745
    0.008427   -0.019933
    0.008744   -0.020112
    0.009059   -0.020283
    0.009370   -0.020445
    0.009679   -0.020599
    0.009984   -0.020745
    0.010285   -0.020881
    0.010582   -0.021009
    0.010875   -0.021128
    0.011163   -0.021238
    0.011447   -0.021339
    0.011726   -0.021431
    0.011999   -0.021513
    0.012268   -0.021587
    0.012530   -0.021650
    0.012787   -0.021705
    0.013038   -0.021750
    0.013282   -0.021785
    0.013521   -0.021811
    0.013752   -0.021827
    0.013977   -0.021833
    0.014195   -0.021829
    0.014405   -0.021816
    0.014609   -0.021792
    0.014805   -0.021759
    0.014994   -0.021716
    0.015174   -0.021662
    0.015347   -0.021599
    0.015513   -0.021526
    0.015670   -0.021442
    0.015819   -0.021349
    0.015959   -0.021245
    0.016092   -0.021131
    0.016216   -0.021008
    0.016331   -0.020874
    0.016438   -0.020730
    0.016537   -0.020577
    0.016626   -0.020413
    0.016708   -0.020239
    0.016780   -0.020056
    0.016844   -0.019863
    0.016899   -0.019660
    0.016945   -0.019447
    0.016983   -0.019225
    0.017012   -0.018993
    0.017032   -0.018752
    0.017044   -0.018502
    0.017047   -0.018242
    0.017041   -0.017974
    0.017027   -0.017696
    0.017004   -0.017410
    0.016974   -0.017115
    0.016934   -0.016811
    0.016887   -0.016499
    0.016831   -0.016179
    0.016768   -0.015851
    0.016696   -0.015515
    0.016617   -0.015171
    0.016530   -0.014820
    0.016436   -0.014461
    0.016334   -0.014096
    0.016224   -0.013723
    0.016108   -0.013344
    0.015984   -0.012958
    0.015854   -0.012567
    0.015717   -0.012169
    0.015573   -0.011765
    0.015423   -0.011356
    0.015267   -0.010942
    0.015105   -0.010523
    0.014936   -0.010099
    0.014762   -0.009670
    0.014583   -0.009238
    0.014398   -0.008801
    0.014208   -0.008361
    0.014013   -0.007918
    0.013813   -0.007471
    0.013609   -0.007022
    0.013400   -0.006570
    0.013187   -0.006116
    0.012970   -0.005660
    0.012749   -0.005203
    0.012525   -0.004744
    0.012297   -0.004285
    0.012066   -0.003824
    0.011831   -0.003364
    0.011594   -0.002903
    0.011354   -0.002442
    0.011112   -0.001982
    0.010868   -0.001523
    0.010621   -0.001065
    0.010373   -0.000608
    0.010122   -0.000153
    0.009870    0.000300
    0.009617    0.000751
    0.009363    0.001200
    0.009108    0.001645
    0.008851    0.002088
    0.008595    0.002527
    0.008337    0.002962
    0.008079    0.003393
    0.007821    0.003821
    0.007564    0.004244
    0.007306    0.004662
    0.007048    0.005075
    0.006791    0.005483
    0.006534    0.005886
    0.006279    0.006283
    0.006023    0.006675
